Time,Book,Away Team,Home Team,Home Line,Home Odds,Away Line,Away Odds,Home Score,Away Score,Home Line Open,Away Line Open
12/26 11:18:28 am,Pinnacle,Los Angeles Clippers,Los Angeles Lakers,0.0,-115,0.0,-102,106,111,-1.5,1.5
12/26 11:18:22 am,Pinnacle,Los Angeles Clippers,Los Angeles Lakers,0.0,-113,0.0,-103,106,111,-1.5,1.5
12/26 11:18:18 am,Pinnacle,Los Angeles Clippers,Los Angeles Lakers,0.0,-111,0.0,-105,106,111,-1.5,1.5
12/26 11:17:59 am,Pinnacle,Los Angeles Clippers,Los Angeles Lakers,0.0,-106,0.0,-110,106,111,-1.5,1.5
12/26 11:17:55 am,Pinnacle,Los Angeles Clippers,Los Angeles Lakers,0.0,-107,0.0,-109,106,111,-1.5,1.5
12/26 11:17:52 am,Pinnacle,Los Angeles Clippers,Los Angeles Lakers,0.0,-115,0.0,-101,106,111,-1.5,1.5
12/26 11:17:50 am,Pinnacle,Los Angeles Clippers,Los Angeles Lakers,0.0,-114,0.0,-102,106,111,-1.5,1.5
12/26 11:17:44 am,Pinnacle,Los Angeles Clippers,Los Angeles Lakers,0.0,-116,0.0,-101,106,111,-1.5,1.5
12/26 11:17:34 am,Pinnacle,Los Angeles Clippers,Los Angeles Lakers,0.0,-113,0.0,-103,106,111,-1.5,1.5
12/26 11:16:35 am,Pinnacle,Los Angeles Clippers,Los Angeles Lakers,-3.0,-120,3.0,103,106,111,-1.5,1.5
12/26 11:16:30 am,Pinnacle,Los Angeles Clippers,Los Angeles Lakers,-3.0,-126,3.0,108,106,111,-1.5,1.5
12/26 11:16:22 am,Pinnacle,Los Angeles Clippers,Los Angeles Lakers,-3.0,-128,3.0,110,106,111,-1.5,1.5
12/26 11:16:07 am,Pinnacle,Los Angeles Clippers,Los Angeles Lakers,-3.0,-131,3.0,112,106,111,-1.5,1.5
12/26 11:15:59 am,Pinnacle,Los Angeles Clippers,Los Angeles Lakers,-3.0,-132,3.0,113,106,111,-1.5,1.5
12/26 11:15:55 am,Pinnacle,Los Angeles Clippers,Los Angeles Lakers,-3.0,-130,3.0,111,106,111,-1.5,1.5
12/26 11:15:52 am,Pinnacle,Los Angeles Clippers,Los Angeles Lakers,-3.0,-114,3.0,-103,106,111,-1.5,1.5
12/26 11:15:50 am,Pinnacle,Los Angeles Clippers,Los Angeles Lakers,-3.0,-112,3.0,-104,106,111,-1.5,1.5
12/26 11:15:35 am,Pinnacle,Los Angeles Clippers,Los Angeles Lakers,-3.0,-105,3.0,-112,106,111,-1.5,1.5
12/26 11:15:29 am,Pinnacle,Los Angeles Clippers,Los Angeles Lakers,-3.0,-103,3.0,-113,106,111,-1.5,1.5
12/26 11:12:55 am,Pinnacle,Los Angeles Clippers,Los Angeles Lakers,-6.0,-104,6.0,-112,106,111,-1.5,1.5
12/26 11:12:46 am,Pinnacle,Los Angeles Clippers,Los Angeles Lakers,-6.0,-113,6.0,-103,106,111,-1.5,1.5
12/26 11:12:34 am,Pinnacle,Los Angeles Clippers,Los Angeles Lakers,-6.0,-111,6.0,-105,106,111,-1.5,1.5
12/26 11:12:17 am,Pinnacle,Los Angeles Clippers,Los Angeles Lakers,-6.0,-113,6.0,-104,106,111,-1.5,1.5
12/26 11:10:51 am,Pinnacle,Los Angeles Clippers,Los Angeles Lakers,-6.0,-114,6.0,-103,106,111,-1.5,1.5
12/26 11:09:58 am,Pinnacle,Los Angeles Clippers,Los Angeles Lakers,-5.5,-108,5.5,-122,106,111,-1.5,1.5
12/26 11:09:55 am,Pinnacle,Los Angeles Clippers,Los Angeles Lakers,-4.5,-114,4.5,-116,106,111,-1.5,1.5
12/26 11:09:46 am,Pinnacle,Los Angeles Clippers,Los Angeles Lakers,-4.5,-109,4.5,-122,106,111,-1.5,1.5
12/26 11:09:40 am,Pinnacle,Los Angeles Clippers,Los Angeles Lakers,-4.5,-109,4.5,-121,106,111,-1.5,1.5
12/26 11:09:26 am,Pinnacle,Los Angeles Clippers,Los Angeles Lakers,-3.0,-104,3.0,-128,106,111,-1.5,1.5
12/26 11:09:17 am,Pinnacle,Los Angeles Clippers,Los Angeles Lakers,-3.0,-106,3.0,-125,106,111,-1.5,1.5
12/26 11:09:05 am,Pinnacle,Los Angeles Clippers,Los Angeles Lakers,-3.0,-107,3.0,-124,106,111,-1.5,1.5
12/26 11:08:59 am,Pinnacle,Los Angeles Clippers,Los Angeles Lakers,-2.0,-113,2.0,-117,106,111,-1.5,1.5
12/26 11:08:34 am,Pinnacle,Los Angeles Clippers,Los Angeles Lakers,-3.0,-116,3.0,-114,106,111,-1.5,1.5
12/26 11:08:23 am,Pinnacle,Los Angeles Clippers,Los Angeles Lakers,-3.5,-107,3.5,-124,106,111,-1.5,1.5
12/26 11:07:55 am,Pinnacle,Los Angeles Clippers,Los Angeles Lakers,-3.5,-117,3.5,-113,106,111,-1.5,1.5
12/26 11:07:02 am,Pinnacle,Los Angeles Clippers,Los Angeles Lakers,-4.5,-113,4.5,-117,106,111,-1.5,1.5
12/26 11:06:28 am,Pinnacle,Los Angeles Clippers,Los Angeles Lakers,-5.0,-122,5.0,-109,106,111,-1.5,1.5
12/26 11:05:08 am,Pinnacle,Los Angeles Clippers,Los Angeles Lakers,-5.0,-112,5.0,-104,106,111,-1.5,1.5
12/26 11:03:59 am,Pinnacle,Los Angeles Clippers,Los Angeles Lakers,-5.0,-114,5.0,-102,106,111,-1.5,1.5
12/26 11:03:46 am,Pinnacle,Los Angeles Clippers,Los Angeles Lakers,-5.0,-112,5.0,-105,106,111,-1.5,1.5
12/26 11:03:43 am,Pinnacle,Los Angeles Clippers,Los Angeles Lakers,-5.0,-107,5.0,-109,106,111,-1.5,1.5
12/26 11:03:02 am,Pinnacle,Los Angeles Clippers,Los Angeles Lakers,-5.0,-122,5.0,-108,106,111,-1.5,1.5
12/26 11:02:58 am,Pinnacle,Los Angeles Clippers,Los Angeles Lakers,-3.5,-137,3.5,103,106,111,-1.5,1.5
12/26 11:02:43 am,Pinnacle,Los Angeles Clippers,Los Angeles Lakers,-3.5,-120,3.5,-110,106,111,-1.5,1.5
12/26 11:02:34 am,Pinnacle,Los Angeles Clippers,Los Angeles Lakers,-3.0,-108,3.0,-122,106,111,-1.5,1.5
12/26 11:02:26 am,Pinnacle,Los Angeles Clippers,Los Angeles Lakers,-3.0,-107,3.0,-124,106,111,-1.5,1.5
12/26 11:02:19 am,Pinnacle,Los Angeles Clippers,Los Angeles Lakers,-1.5,-124,1.5,-107,106,111,-1.5,1.5
12/26 11:02:14 am,Pinnacle,Los Angeles Clippers,Los Angeles Lakers,-1.5,-111,1.5,-119,106,111,-1.5,1.5
12/26 11:01:56 am,Pinnacle,Los Angeles Clippers,Los Angeles Lakers,-2.0,-116,2.0,-114,106,111,-1.5,1.5
12/26 11:01:52 am,Pinnacle,Los Angeles Clippers,Los Angeles Lakers,-3.0,-105,3.0,-126,106,111,-1.5,1.5
12/26 11:01:05 am,Pinnacle,Los Angeles Clippers,Los Angeles Lakers,-3.0,-128,3.0,-104,106,111,-1.5,1.5
12/26 11:00:59 am,Pinnacle,Los Angeles Clippers,Los Angeles Lakers,-3.0,-128,3.0,-103,106,111,-1.5,1.5
12/26 11:00:56 am,Pinnacle,Los Angeles Clippers,Los Angeles Lakers,-3.0,-111,3.0,-119,106,111,-1.5,1.5
12/26 11:00:37 am,Pinnacle,Los Angeles Clippers,Los Angeles Lakers,-2.0,-116,2.0,-114,106,111,-1.5,1.5
12/26 11:00:35 am,Pinnacle,Los Angeles Clippers,Los Angeles Lakers,-3.0,-111,3.0,-120,106,111,-1.5,1.5
12/26 11:00:31 am,Pinnacle,Los Angeles Clippers,Los Angeles Lakers,-2.5,-119,2.5,-111,106,111,-1.5,1.5
12/26 10:59:55 am,Pinnacle,Los Angeles Clippers,Los Angeles Lakers,-2.0,-118,2.0,-112,106,111,-1.5,1.5
12/26 10:59:53 am,Pinnacle,Los Angeles Clippers,Los Angeles Lakers,-1.5,-114,1.5,-116,106,111,-1.5,1.5
12/26 10:59:32 am,Pinnacle,Los Angeles Clippers,Los Angeles Lakers,-1.5,-113,1.5,-117,106,111,-1.5,1.5
12/26 10:59:29 am,Pinnacle,Los Angeles Clippers,Los Angeles Lakers,-1.0,-104,1.0,-128,106,111,-1.5,1.5
12/26 10:59:04 am,Pinnacle,Los Angeles Clippers,Los Angeles Lakers,-1.0,-121,1.0,-110,106,111,-1.5,1.5
12/26 10:58:58 am,Pinnacle,Los Angeles Clippers,Los Angeles Lakers,-1.0,-104,1.0,-127,106,111,-1.5,1.5
12/26 10:58:46 am,Pinnacle,Los Angeles Clippers,Los Angeles Lakers,-1.5,-112,1.5,-118,106,111,-1.5,1.5
12/26 10:58:44 am,Pinnacle,Los Angeles Clippers,Los Angeles Lakers,-1.5,-103,1.5,-129,106,111,-1.5,1.5
12/26 10:58:40 am,Pinnacle,Los Angeles Clippers,Los Angeles Lakers,-1.0,-105,1.0,-126,106,111,-1.5,1.5
12/26 10:58:34 am,Pinnacle,Los Angeles Clippers,Los Angeles Lakers,-1.0,-103,1.0,-129,106,111,-1.5,1.5
12/26 10:58:31 am,Pinnacle,Los Angeles Clippers,Los Angeles Lakers,-1.0,-115,1.0,-115,106,111,-1.5,1.5
12/26 10:58:29 am,Pinnacle,Los Angeles Clippers,Los Angeles Lakers,-1.5,-117,1.5,-113,106,111,-1.5,1.5
12/26 10:58:23 am,Pinnacle,Los Angeles Clippers,Los Angeles Lakers,-1.5,-115,1.5,-115,106,111,-1.5,1.5
12/26 10:58:20 am,Pinnacle,Los Angeles Clippers,Los Angeles Lakers,-1.5,-110,1.5,-120,106,111,-1.5,1.5
12/26 10:58:15 am,Pinnacle,Los Angeles Clippers,Los Angeles Lakers,-1.5,-113,1.5,-117,106,111,-1.5,1.5
12/26 10:58:07 am,Pinnacle,Los Angeles Clippers,Los Angeles Lakers,-1.5,-120,1.5,-110,106,111,-1.5,1.5
12/26 10:58:04 am,Pinnacle,Los Angeles Clippers,Los Angeles Lakers,-1.5,-122,1.5,-108,106,111,-1.5,1.5
12/26 10:57:59 am,Pinnacle,Los Angeles Clippers,Los Angeles Lakers,-1.5,-119,1.5,-111,106,111,-1.5,1.5
12/26 10:57:34 am,Pinnacle,Los Angeles Clippers,Los Angeles Lakers,-1.0,-124,1.0,-107,106,111,-1.5,1.5
12/26 10:57:19 am,Pinnacle,Los Angeles Clippers,Los Angeles Lakers,-1.0,-116,1.0,-114,106,111,-1.5,1.5
12/26 10:57:07 am,Pinnacle,Los Angeles Clippers,Los Angeles Lakers,1.0,-127,-1.0,-104,106,111,-1.5,1.5
12/26 10:57:05 am,Pinnacle,Los Angeles Clippers,Los Angeles Lakers,-1.5,101,1.5,-117,106,111,-1.5,1.5
12/26 10:56:38 am,Pinnacle,Los Angeles Clippers,Los Angeles Lakers,-1.5,-102,1.5,-115,106,111,-1.5,1.5
12/26 10:56:32 am,Pinnacle,Los Angeles Clippers,Los Angeles Lakers,0.0,-125,0.0,107,106,111,-1.5,1.5
12/26 10:56:22 am,Pinnacle,Los Angeles Clippers,Los Angeles Lakers,0.0,-124,0.0,106,106,111,-1.5,1.5
12/26 10:56:16 am,Pinnacle,Los Angeles Clippers,Los Angeles Lakers,0.0,-123,0.0,105,106,111,-1.5,1.5
12/26 10:56:08 am,Pinnacle,Los Angeles Clippers,Los Angeles Lakers,0.0,-122,0.0,104,106,111,-1.5,1.5
12/26 10:55:49 am,Pinnacle,Los Angeles Clippers,Los Angeles Lakers,0.0,-121,0.0,103,106,111,-1.5,1.5
12/26 10:55:34 am,Pinnacle,Los Angeles Clippers,Los Angeles Lakers,0.0,-120,0.0,103,106,111,-1.5,1.5
12/26 10:55:20 am,Pinnacle,Los Angeles Clippers,Los Angeles Lakers,0.0,-113,0.0,-103,106,111,-1.5,1.5
12/26 10:55:10 am,Pinnacle,Los Angeles Clippers,Los Angeles Lakers,0.0,-111,0.0,-105,106,111,-1.5,1.5
12/26 10:54:52 am,Pinnacle,Los Angeles Clippers,Los Angeles Lakers,0.0,-114,0.0,-103,106,111,-1.5,1.5
12/26 10:54:46 am,Pinnacle,Los Angeles Clippers,Los Angeles Lakers,0.0,-111,0.0,-105,106,111,-1.5,1.5
12/26 10:54:43 am,Pinnacle,Los Angeles Clippers,Los Angeles Lakers,0.0,-110,0.0,-106,106,111,-1.5,1.5
12/26 10:54:38 am,Pinnacle,Los Angeles Clippers,Los Angeles Lakers,0.0,-107,0.0,-109,106,111,-1.5,1.5
12/26 10:54:28 am,Pinnacle,Los Angeles Clippers,Los Angeles Lakers,0.0,-106,0.0,-110,106,111,-1.5,1.5
12/26 10:54:19 am,Pinnacle,Los Angeles Clippers,Los Angeles Lakers,0.0,-105,0.0,-111,106,111,-1.5,1.5
12/26 10:54:14 am,Pinnacle,Los Angeles Clippers,Los Angeles Lakers,0.0,-103,0.0,-113,106,111,-1.5,1.5
12/26 10:53:19 am,Pinnacle,Los Angeles Clippers,Los Angeles Lakers,-1.0,-116,1.0,-114,106,111,-1.5,1.5
12/26 10:53:17 am,Pinnacle,Los Angeles Clippers,Los Angeles Lakers,-2.0,-117,2.0,-113,106,111,-1.5,1.5
12/26 10:53:07 am,Pinnacle,Los Angeles Clippers,Los Angeles Lakers,-2.0,-114,2.0,-116,106,111,-1.5,1.5
12/26 10:52:59 am,Pinnacle,Los Angeles Clippers,Los Angeles Lakers,-2.0,-112,2.0,-118,106,111,-1.5,1.5
12/26 10:52:55 am,Pinnacle,Los Angeles Clippers,Los Angeles Lakers,-1.5,-116,1.5,-114,106,111,-1.5,1.5
12/26 10:52:46 am,Pinnacle,Los Angeles Clippers,Los Angeles Lakers,-1.5,-113,1.5,-118,106,111,-1.5,1.5
12/26 10:52:44 am,Pinnacle,Los Angeles Clippers,Los Angeles Lakers,-1.5,-111,1.5,-120,106,111,-1.5,1.5
12/26 10:52:40 am,Pinnacle,Los Angeles Clippers,Los Angeles Lakers,-1.0,-110,1.0,-120,106,111,-1.5,1.5
12/26 10:52:38 am,Pinnacle,Los Angeles Clippers,Los Angeles Lakers,-1.0,-105,1.0,-126,106,111,-1.5,1.5
12/26 10:52:16 am,Pinnacle,Los Angeles Clippers,Los Angeles Lakers,-1.5,-114,1.5,-116,106,111,-1.5,1.5
12/26 10:52:08 am,Pinnacle,Los Angeles Clippers,Los Angeles Lakers,-1.5,-120,1.5,-110,106,111,-1.5,1.5
12/26 10:51:22 am,Pinnacle,Los Angeles Clippers,Los Angeles Lakers,-2.0,-114,2.0,-116,106,111,-1.5,1.5
12/26 10:51:19 am,Pinnacle,Los Angeles Clippers,Los Angeles Lakers,-3.0,-109,3.0,-121,106,111,-1.5,1.5
12/26 10:51:13 am,Pinnacle,Los Angeles Clippers,Los Angeles Lakers,-3.0,-110,3.0,-120,106,111,-1.5,1.5
12/26 10:51:12 am,Pinnacle,Los Angeles Clippers,Los Angeles Lakers,-4.0,-121,4.0,-109,106,111,-1.5,1.5
12/26 10:51:09 am,Pinnacle,Los Angeles Clippers,Los Angeles Lakers,-3.0,-110,3.0,-120,106,111,-1.5,1.5
12/26 10:51:05 am,Pinnacle,Los Angeles Clippers,Los Angeles Lakers,-4.0,-121,4.0,-109,106,111,-1.5,1.5
12/26 10:51:04 am,Pinnacle,Los Angeles Clippers,Los Angeles Lakers,-4.5,-118,4.5,-112,106,111,-1.5,1.5
12/26 10:51:01 am,Pinnacle,Los Angeles Clippers,Los Angeles Lakers,-4.0,-121,4.0,-109,106,111,-1.5,1.5
12/26 10:50:59 am,Pinnacle,Los Angeles Clippers,Los Angeles Lakers,-4.5,-118,4.5,-112,106,111,-1.5,1.5
12/26 10:50:44 am,Pinnacle,Los Angeles Clippers,Los Angeles Lakers,-5.0,-118,5.0,-112,106,111,-1.5,1.5
12/26 10:50:41 am,Pinnacle,Los Angeles Clippers,Los Angeles Lakers,-4.0,-141,4.0,106,106,111,-1.5,1.5
12/26 10:50:38 am,Pinnacle,Los Angeles Clippers,Los Angeles Lakers,-4.0,-123,4.0,-108,106,111,-1.5,1.5
12/26 10:50:23 am,Pinnacle,Los Angeles Clippers,Los Angeles Lakers,-5.0,-126,5.0,-105,106,111,-1.5,1.5
12/26 10:50:13 am,Pinnacle,Los Angeles Clippers,Los Angeles Lakers,-5.0,-122,5.0,-108,106,111,-1.5,1.5
12/26 10:50:11 am,Pinnacle,Los Angeles Clippers,Los Angeles Lakers,-5.5,-116,5.5,-114,106,111,-1.5,1.5
12/26 10:49:47 am,Pinnacle,Los Angeles Clippers,Los Angeles Lakers,-6.0,-114,6.0,-117,106,111,-1.5,1.5
12/26 10:49:38 am,Pinnacle,Los Angeles Clippers,Los Angeles Lakers,-6.0,-113,6.0,-118,106,111,-1.5,1.5
12/26 10:49:31 am,Pinnacle,Los Angeles Clippers,Los Angeles Lakers,-5.0,-117,5.0,-113,106,111,-1.5,1.5
12/26 10:49:29 am,Pinnacle,Los Angeles Clippers,Los Angeles Lakers,-4.0,-140,4.0,105,106,111,-1.5,1.5
12/26 10:49:20 am,Pinnacle,Los Angeles Clippers,Los Angeles Lakers,-4.0,-122,4.0,-108,106,111,-1.5,1.5
12/26 10:49:10 am,Pinnacle,Los Angeles Clippers,Los Angeles Lakers,-4.5,-108,4.5,-123,106,111,-1.5,1.5
12/26 10:48:53 am,Pinnacle,Los Angeles Clippers,Los Angeles Lakers,-3.5,-116,3.5,-114,106,111,-1.5,1.5
12/26 10:48:49 am,Pinnacle,Los Angeles Clippers,Los Angeles Lakers,-3.0,-122,3.0,-108,106,111,-1.5,1.5
12/26 10:48:37 am,Pinnacle,Los Angeles Clippers,Los Angeles Lakers,-2.5,-122,2.5,-108,106,111,-1.5,1.5
12/26 10:48:29 am,Pinnacle,Los Angeles Clippers,Los Angeles Lakers,-3.5,-117,3.5,-113,106,111,-1.5,1.5
12/26 10:48:02 am,Pinnacle,Los Angeles Clippers,Los Angeles Lakers,-2.5,-120,2.5,-111,106,111,-1.5,1.5
12/26 10:47:47 am,Pinnacle,Los Angeles Clippers,Los Angeles Lakers,-3.5,-118,3.5,-112,106,111,-1.5,1.5
12/26 10:47:41 am,Pinnacle,Los Angeles Clippers,Los Angeles Lakers,-3.5,-116,3.5,-114,106,111,-1.5,1.5
12/26 10:47:28 am,Pinnacle,Los Angeles Clippers,Los Angeles Lakers,-5.0,-114,5.0,-116,106,111,-1.5,1.5
12/26 10:47:25 am,Pinnacle,Los Angeles Clippers,Los Angeles Lakers,-5.5,-114,5.5,-116,106,111,-1.5,1.5
12/26 10:47:10 am,Pinnacle,Los Angeles Clippers,Los Angeles Lakers,-5.5,-117,5.5,-113,106,111,-1.5,1.5
12/26 10:46:53 am,Pinnacle,Los Angeles Clippers,Los Angeles Lakers,-5.5,-116,5.5,-114,106,111,-1.5,1.5
12/26 10:46:47 am,Pinnacle,Los Angeles Clippers,Los Angeles Lakers,-5.5,-110,5.5,-120,106,111,-1.5,1.5
12/26 10:46:13 am,Pinnacle,Los Angeles Clippers,Los Angeles Lakers,-5.0,-116,5.0,-114,106,111,-1.5,1.5
12/26 10:46:01 am,Pinnacle,Los Angeles Clippers,Los Angeles Lakers,-4.0,-120,4.0,-110,106,111,-1.5,1.5
12/26 10:45:59 am,Pinnacle,Los Angeles Clippers,Los Angeles Lakers,-4.5,-116,4.5,-114,106,111,-1.5,1.5
12/26 10:45:52 am,Pinnacle,Los Angeles Clippers,Los Angeles Lakers,-5.0,-116,5.0,-114,106,111,-1.5,1.5
12/26 10:45:49 am,Pinnacle,Los Angeles Clippers,Los Angeles Lakers,-4.5,-122,4.5,-109,106,111,-1.5,1.5
12/26 10:45:46 am,Pinnacle,Los Angeles Clippers,Los Angeles Lakers,-4.0,-122,4.0,-109,106,111,-1.5,1.5
12/26 10:45:37 am,Pinnacle,Los Angeles Clippers,Los Angeles Lakers,-4.0,-121,4.0,-110,106,111,-1.5,1.5
12/26 10:45:31 am,Pinnacle,Los Angeles Clippers,Los Angeles Lakers,-3.5,-116,3.5,-114,106,111,-1.5,1.5
12/26 10:45:14 am,Pinnacle,Los Angeles Clippers,Los Angeles Lakers,-2.5,-122,2.5,-109,106,111,-1.5,1.5
12/26 10:45:08 am,Pinnacle,Los Angeles Clippers,Los Angeles Lakers,-3.5,-115,3.5,-115,106,111,-1.5,1.5
12/26 10:44:58 am,Pinnacle,Los Angeles Clippers,Los Angeles Lakers,-3.5,-116,3.5,-114,106,111,-1.5,1.5
12/26 10:44:49 am,Pinnacle,Los Angeles Clippers,Los Angeles Lakers,-3.5,-115,3.5,-115,106,111,-1.5,1.5
12/26 10:44:46 am,Pinnacle,Los Angeles Clippers,Los Angeles Lakers,-3.0,-122,3.0,-109,106,111,-1.5,1.5
12/26 10:44:32 am,Pinnacle,Los Angeles Clippers,Los Angeles Lakers,-4.0,-122,4.0,-109,106,111,-1.5,1.5
12/26 10:44:26 am,Pinnacle,Los Angeles Clippers,Los Angeles Lakers,-5.0,-114,5.0,-116,106,111,-1.5,1.5
12/26 10:44:13 am,Pinnacle,Los Angeles Clippers,Los Angeles Lakers,-4.0,-122,4.0,-109,106,111,-1.5,1.5
12/26 10:44:11 am,Pinnacle,Los Angeles Clippers,Los Angeles Lakers,-4.0,-115,4.0,-115,106,111,-1.5,1.5
12/26 10:44:10 am,Pinnacle,Los Angeles Clippers,Los Angeles Lakers,-4.0,-122,4.0,-109,106,111,-1.5,1.5
12/26 10:43:55 am,Pinnacle,Los Angeles Clippers,Los Angeles Lakers,-4.0,-110,4.0,-121,106,111,-1.5,1.5
12/26 10:43:17 am,Pinnacle,Los Angeles Clippers,Los Angeles Lakers,-3.5,-117,3.5,-113,106,111,-1.5,1.5
12/26 10:43:15 am,Pinnacle,Los Angeles Clippers,Los Angeles Lakers,-2.5,-121,2.5,-109,106,111,-1.5,1.5
12/26 10:42:52 am,Pinnacle,Los Angeles Clippers,Los Angeles Lakers,-4.0,-108,4.0,-122,106,111,-1.5,1.5
12/26 10:42:31 am,Pinnacle,Los Angeles Clippers,Los Angeles Lakers,-3.5,-117,3.5,-113,106,111,-1.5,1.5
12/26 10:42:29 am,Pinnacle,Los Angeles Clippers,Los Angeles Lakers,-3.0,-121,3.0,-110,106,111,-1.5,1.5
12/26 10:42:14 am,Pinnacle,Los Angeles Clippers,Los Angeles Lakers,-4.0,-119,4.0,-111,106,111,-1.5,1.5
12/26 10:42:05 am,Pinnacle,Los Angeles Clippers,Los Angeles Lakers,-4.0,-112,4.0,-104,106,111,-1.5,1.5
12/26 10:41:32 am,Pinnacle,Los Angeles Clippers,Los Angeles Lakers,-4.0,-111,4.0,-105,106,111,-1.5,1.5
12/26 10:40:16 am,Pinnacle,Los Angeles Clippers,Los Angeles Lakers,-4.0,-108,4.0,-108,106,111,-1.5,1.5
12/26 10:39:55 am,Pinnacle,Los Angeles Clippers,Los Angeles Lakers,-4.0,-110,4.0,-106,106,111,-1.5,1.5
12/26 10:39:25 am,Pinnacle,Los Angeles Clippers,Los Angeles Lakers,-4.0,-113,4.0,-104,106,111,-1.5,1.5
12/26 10:39:14 am,Pinnacle,Los Angeles Clippers,Los Angeles Lakers,-4.0,-111,4.0,-105,106,111,-1.5,1.5
12/26 10:38:28 am,Pinnacle,Los Angeles Clippers,Los Angeles Lakers,-4.0,-120,4.0,-111,106,111,-1.5,1.5
12/26 10:38:22 am,Pinnacle,Los Angeles Clippers,Los Angeles Lakers,-3.5,-115,3.5,-115,106,111,-1.5,1.5
12/26 10:38:14 am,Pinnacle,Los Angeles Clippers,Los Angeles Lakers,-2.5,-115,2.5,-115,106,111,-1.5,1.5
12/26 10:38:05 am,Pinnacle,Los Angeles Clippers,Los Angeles Lakers,-2.5,-114,2.5,-116,106,111,-1.5,1.5
12/26 10:37:49 am,Pinnacle,Los Angeles Clippers,Los Angeles Lakers,-2.0,-112,2.0,-118,106,111,-1.5,1.5
12/26 10:37:44 am,Pinnacle,Los Angeles Clippers,Los Angeles Lakers,-1.0,-122,1.0,-109,106,111,-1.5,1.5
12/26 10:37:40 am,Pinnacle,Los Angeles Clippers,Los Angeles Lakers,-2.0,-109,2.0,-121,106,111,-1.5,1.5
12/26 10:37:32 am,Pinnacle,Los Angeles Clippers,Los Angeles Lakers,-2.0,-110,2.0,-120,106,111,-1.5,1.5
12/26 10:37:22 am,Pinnacle,Los Angeles Clippers,Los Angeles Lakers,-2.0,-113,2.0,-117,106,111,-1.5,1.5
12/26 10:37:20 am,Pinnacle,Los Angeles Clippers,Los Angeles Lakers,-1.0,-119,1.0,-111,106,111,-1.5,1.5
12/26 10:37:02 am,Pinnacle,Los Angeles Clippers,Los Angeles Lakers,-3.0,-119,3.0,-111,106,111,-1.5,1.5
12/26 10:36:58 am,Pinnacle,Los Angeles Clippers,Los Angeles Lakers,-3.5,-112,3.5,-118,106,111,-1.5,1.5
12/26 10:36:47 am,Pinnacle,Los Angeles Clippers,Los Angeles Lakers,-4.0,-125,4.0,-106,106,111,-1.5,1.5
12/26 10:36:43 am,Pinnacle,Los Angeles Clippers,Los Angeles Lakers,-4.0,-112,4.0,-118,106,111,-1.5,1.5
12/26 10:36:34 am,Pinnacle,Los Angeles Clippers,Los Angeles Lakers,-4.0,-114,4.0,-117,106,111,-1.5,1.5
12/26 10:36:25 am,Pinnacle,Los Angeles Clippers,Los Angeles Lakers,-4.5,-140,4.5,106,106,111,-1.5,1.5
12/26 10:36:23 am,Pinnacle,Los Angeles Clippers,Los Angeles Lakers,-4.5,-118,4.5,-112,106,111,-1.5,1.5
12/26 10:36:20 am,Pinnacle,Los Angeles Clippers,Los Angeles Lakers,-4.5,-116,4.5,-114,106,111,-1.5,1.5
12/26 10:36:04 am,Pinnacle,Los Angeles Clippers,Los Angeles Lakers,-5.0,-109,5.0,-107,106,111,-1.5,1.5
12/26 10:35:56 am,Pinnacle,Los Angeles Clippers,Los Angeles Lakers,-5.0,-107,5.0,-109,106,111,-1.5,1.5
12/26 10:34:56 am,Pinnacle,Los Angeles Clippers,Los Angeles Lakers,-5.0,-113,5.0,-104,106,111,-1.5,1.5
12/26 10:34:28 am,Pinnacle,Los Angeles Clippers,Los Angeles Lakers,-5.0,-112,5.0,-105,106,111,-1.5,1.5
12/26 10:33:47 am,Pinnacle,Los Angeles Clippers,Los Angeles Lakers,-5.0,-111,5.0,-105,106,111,-1.5,1.5
12/26 10:33:17 am,Pinnacle,Los Angeles Clippers,Los Angeles Lakers,-5.5,110,5.5,-146,106,111,-1.5,1.5
12/26 10:32:53 am,Pinnacle,Los Angeles Clippers,Los Angeles Lakers,-5.5,-115,5.5,-115,106,111,-1.5,1.5
12/26 10:32:38 am,Pinnacle,Los Angeles Clippers,Los Angeles Lakers,-5.5,-113,5.5,-117,106,111,-1.5,1.5
12/26 10:32:26 am,Pinnacle,Los Angeles Clippers,Los Angeles Lakers,-5.0,-118,5.0,-112,106,111,-1.5,1.5
12/26 10:32:19 am,Pinnacle,Los Angeles Clippers,Los Angeles Lakers,-6.0,-111,6.0,-119,106,111,-1.5,1.5
12/26 10:32:08 am,Pinnacle,Los Angeles Clippers,Los Angeles Lakers,-7.0,-108,7.0,-122,106,111,-1.5,1.5
12/26 10:32:07 am,Pinnacle,Los Angeles Clippers,Los Angeles Lakers,-6.5,-122,6.5,-108,106,111,-1.5,1.5
12/26 10:32:01 am,Pinnacle,Los Angeles Clippers,Los Angeles Lakers,-7.0,-108,7.0,-122,106,111,-1.5,1.5
12/26 10:31:55 am,Pinnacle,Los Angeles Clippers,Los Angeles Lakers,-8.0,-115,8.0,-115,106,111,-1.5,1.5
12/26 10:31:46 am,Pinnacle,Los Angeles Clippers,Los Angeles Lakers,-8.0,-114,8.0,-116,106,111,-1.5,1.5
12/26 10:31:32 am,Pinnacle,Los Angeles Clippers,Los Angeles Lakers,-6.5,-123,6.5,-108,106,111,-1.5,1.5
12/26 10:31:26 am,Pinnacle,Los Angeles Clippers,Los Angeles Lakers,-6.5,-122,6.5,-108,106,111,-1.5,1.5
12/26 10:31:19 am,Pinnacle,Los Angeles Clippers,Los Angeles Lakers,-7.5,-110,7.5,-120,106,111,-1.5,1.5
12/26 10:31:16 am,Pinnacle,Los Angeles Clippers,Los Angeles Lakers,-8.0,-117,8.0,-113,106,111,-1.5,1.5
12/26 10:31:08 am,Pinnacle,Los Angeles Clippers,Los Angeles Lakers,-7.5,-109,7.5,-121,106,111,-1.5,1.5
12/26 10:31:05 am,Pinnacle,Los Angeles Clippers,Los Angeles Lakers,-8.0,-117,8.0,-113,106,111,-1.5,1.5
12/26 10:30:50 am,Pinnacle,Los Angeles Clippers,Los Angeles Lakers,-8.0,-121,8.0,-109,106,111,-1.5,1.5
12/26 10:30:46 am,Pinnacle,Los Angeles Clippers,Los Angeles Lakers,-8.5,-109,8.5,-121,106,111,-1.5,1.5
12/26 10:30:14 am,Pinnacle,Los Angeles Clippers,Los Angeles Lakers,-8.5,-117,8.5,-113,106,111,-1.5,1.5
12/26 10:30:08 am,Pinnacle,Los Angeles Clippers,Los Angeles Lakers,-9.5,-113,9.5,-117,106,111,-1.5,1.5
12/26 10:30:04 am,Pinnacle,Los Angeles Clippers,Los Angeles Lakers,-8.5,-115,8.5,-115,106,111,-1.5,1.5
12/26 10:29:58 am,Pinnacle,Los Angeles Clippers,Los Angeles Lakers,-9.5,101,9.5,-133,106,111,-1.5,1.5
12/26 10:29:52 am,Pinnacle,Los Angeles Clippers,Los Angeles Lakers,-9.5,-111,9.5,-119,106,111,-1.5,1.5
12/26 10:29:44 am,Pinnacle,Los Angeles Clippers,Los Angeles Lakers,-9.5,-117,9.5,-113,106,111,-1.5,1.5
12/26 10:29:41 am,Pinnacle,Los Angeles Clippers,Los Angeles Lakers,-10.0,-111,10.0,-120,106,111,-1.5,1.5
12/26 10:28:55 am,Pinnacle,Los Angeles Clippers,Los Angeles Lakers,-10.5,-105,10.5,-126,106,111,-1.5,1.5
12/26 10:28:49 am,Pinnacle,Los Angeles Clippers,Los Angeles Lakers,-10.5,-112,10.5,-118,106,111,-1.5,1.5
12/26 10:28:47 am,Pinnacle,Los Angeles Clippers,Los Angeles Lakers,-10.5,-114,10.5,-116,106,111,-1.5,1.5
12/26 10:28:44 am,Pinnacle,Los Angeles Clippers,Los Angeles Lakers,-10.5,-117,10.5,-113,106,111,-1.5,1.5
12/26 10:28:41 am,Pinnacle,Los Angeles Clippers,Los Angeles Lakers,-9.5,-117,9.5,-113,106,111,-1.5,1.5
12/26 10:28:14 am,Pinnacle,Los Angeles Clippers,Los Angeles Lakers,-9.0,-111,9.0,-119,106,111,-1.5,1.5
12/26 10:28:04 am,Pinnacle,Los Angeles Clippers,Los Angeles Lakers,-9.5,101,9.5,-134,106,111,-1.5,1.5
12/26 10:28:02 am,Pinnacle,Los Angeles Clippers,Los Angeles Lakers,-9.5,-108,9.5,-123,106,111,-1.5,1.5
12/26 10:27:50 am,Pinnacle,Los Angeles Clippers,Los Angeles Lakers,-9.5,-114,9.5,-116,106,111,-1.5,1.5
12/26 10:27:43 am,Pinnacle,Los Angeles Clippers,Los Angeles Lakers,-9.5,-119,9.5,-111,106,111,-1.5,1.5
12/26 10:27:37 am,Pinnacle,Los Angeles Clippers,Los Angeles Lakers,-9.0,-109,9.0,-121,106,111,-1.5,1.5
12/26 10:27:28 am,Pinnacle,Los Angeles Clippers,Los Angeles Lakers,-9.5,-104,9.5,-127,106,111,-1.5,1.5
12/26 10:27:22 am,Pinnacle,Los Angeles Clippers,Los Angeles Lakers,-9.5,-108,9.5,-122,106,111,-1.5,1.5
12/26 10:27:17 am,Pinnacle,Los Angeles Clippers,Los Angeles Lakers,-9.5,-118,9.5,-112,106,111,-1.5,1.5
12/26 10:27:13 am,Pinnacle,Los Angeles Clippers,Los Angeles Lakers,-9.5,-111,9.5,-119,106,111,-1.5,1.5
12/26 10:26:58 am,Pinnacle,Los Angeles Clippers,Los Angeles Lakers,-9.5,-115,9.5,-115,106,111,-1.5,1.5
12/26 10:26:56 am,Pinnacle,Los Angeles Clippers,Los Angeles Lakers,-7.0,-121,7.0,-109,106,111,-1.5,1.5
12/26 10:26:41 am,Pinnacle,Los Angeles Clippers,Los Angeles Lakers,-9.0,-111,9.0,-119,106,111,-1.5,1.5
12/26 10:26:29 am,Pinnacle,Los Angeles Clippers,Los Angeles Lakers,-9.0,-112,9.0,-119,106,111,-1.5,1.5
12/26 10:26:20 am,Pinnacle,Los Angeles Clippers,Los Angeles Lakers,-9.5,-114,9.5,-116,106,111,-1.5,1.5
12/26 10:26:07 am,Pinnacle,Los Angeles Clippers,Los Angeles Lakers,-9.5,-113,9.5,-117,106,111,-1.5,1.5
12/26 10:26:04 am,Pinnacle,Los Angeles Clippers,Los Angeles Lakers,-9.5,-115,9.5,-115,106,111,-1.5,1.5
12/26 10:25:59 am,Pinnacle,Los Angeles Clippers,Los Angeles Lakers,-9.5,-114,9.5,-116,106,111,-1.5,1.5
12/26 10:25:40 am,Pinnacle,Los Angeles Clippers,Los Angeles Lakers,-9.5,-118,9.5,-113,106,111,-1.5,1.5
12/26 10:25:32 am,Pinnacle,Los Angeles Clippers,Los Angeles Lakers,-10.0,-113,10.0,-117,106,111,-1.5,1.5
12/26 10:25:26 am,Pinnacle,Los Angeles Clippers,Los Angeles Lakers,-10.5,-114,10.5,-116,106,111,-1.5,1.5
12/26 10:25:19 am,Pinnacle,Los Angeles Clippers,Los Angeles Lakers,-10.5,-118,10.5,-112,106,111,-1.5,1.5
12/26 10:25:16 am,Pinnacle,Los Angeles Clippers,Los Angeles Lakers,-10.0,-110,10.0,-120,106,111,-1.5,1.5
12/26 10:24:50 am,Pinnacle,Los Angeles Clippers,Los Angeles Lakers,-9.5,-116,9.5,-114,106,111,-1.5,1.5
12/26 10:24:38 am,Pinnacle,Los Angeles Clippers,Los Angeles Lakers,-10.0,101,10.0,-134,106,111,-1.5,1.5
12/26 10:24:34 am,Pinnacle,Los Angeles Clippers,Los Angeles Lakers,-10.0,100,10.0,-133,106,111,-1.5,1.5
12/26 10:24:20 am,Pinnacle,Los Angeles Clippers,Los Angeles Lakers,-10.0,-109,10.0,-122,106,111,-1.5,1.5
12/26 10:23:44 am,Pinnacle,Los Angeles Clippers,Los Angeles Lakers,-10.0,-110,10.0,-120,106,111,-1.5,1.5
12/26 10:23:40 am,Pinnacle,Los Angeles Clippers,Los Angeles Lakers,-9.5,-110,9.5,-120,106,111,-1.5,1.5
12/26 10:23:32 am,Pinnacle,Los Angeles Clippers,Los Angeles Lakers,-9.5,-120,9.5,-110,106,111,-1.5,1.5
12/26 10:24:56 am,Pinnacle,Los Angeles Clippers,Los Angeles Lakers,-10.0,-115,10.0,-115,106,111,-1.5,1.5
12/26 10:23:25 am,Pinnacle,Los Angeles Clippers,Los Angeles Lakers,-12.0,191,12.0,-213,106,111,-1.5,1.5
12/26 10:23:02 am,Pinnacle,Los Angeles Clippers,Los Angeles Lakers,-8.0,-102,8.0,-108,106,111,-1.5,1.5
12/26 10:22:53 am,Pinnacle,Los Angeles Clippers,Los Angeles Lakers,-8.0,-103,8.0,-107,106,111,-1.5,1.5
12/26 10:22:44 am,Pinnacle,Los Angeles Clippers,Los Angeles Lakers,-7.5,-111,7.5,101,106,111,-1.5,1.5
12/26 10:22:38 am,Pinnacle,Los Angeles Clippers,Los Angeles Lakers,-7.5,-113,7.5,102,106,111,-1.5,1.5
12/26 10:22:25 am,Pinnacle,Los Angeles Clippers,Los Angeles Lakers,-7.5,-111,7.5,101,106,111,-1.5,1.5
12/26 10:22:16 am,Pinnacle,Los Angeles Clippers,Los Angeles Lakers,-7.5,-109,7.5,-102,106,111,-1.5,1.5
12/26 10:22:01 am,Pinnacle,Los Angeles Clippers,Los Angeles Lakers,-7.5,-109,7.5,-101,106,111,-1.5,1.5
12/26 10:21:44 am,Pinnacle,Los Angeles Clippers,Los Angeles Lakers,-7.5,-107,7.5,-103,106,111,-1.5,1.5
12/26 10:21:38 am,Pinnacle,Los Angeles Clippers,Los Angeles Lakers,-7.5,-109,7.5,-102,106,111,-1.5,1.5
12/26 10:20:32 am,Pinnacle,Los Angeles Clippers,Los Angeles Lakers,-7.5,-109,7.5,-101,106,111,-1.5,1.5
12/26 10:19:58 am,Pinnacle,Los Angeles Clippers,Los Angeles Lakers,-7.5,-108,7.5,-102,106,111,-1.5,1.5
12/26 10:19:46 am,Pinnacle,Los Angeles Clippers,Los Angeles Lakers,-8.0,101,8.0,-112,106,111,-1.5,1.5
12/26 10:22:23 am,Pinnacle,Los Angeles Clippers,Los Angeles Lakers,-7.5,-107,7.5,-103,106,111,-1.5,1.5
12/26 10:19:02 am,Pinnacle,Los Angeles Clippers,Los Angeles Lakers,-8.0,100,8.0,-111,106,111,-1.5,1.5
12/26 10:18:05 am,Pinnacle,Los Angeles Clippers,Los Angeles Lakers,-8.0,-100,8.0,-110,106,111,-1.5,1.5
12/26 10:17:55 am,Pinnacle,Los Angeles Clippers,Los Angeles Lakers,-8.0,-101,8.0,-109,106,111,-1.5,1.5
12/26 10:17:38 am,Pinnacle,Los Angeles Clippers,Los Angeles Lakers,-8.0,-102,8.0,-108,106,111,-1.5,1.5
12/26 10:17:35 am,Pinnacle,Los Angeles Clippers,Los Angeles Lakers,-8.0,-102,8.0,-108,106,111,-1.5,1.5
12/26 10:17:29 am,Pinnacle,Los Angeles Clippers,Los Angeles Lakers,-8.0,100,8.0,-111,106,111,-1.5,1.5
12/26 10:16:59 am,Pinnacle,Los Angeles Clippers,Los Angeles Lakers,-8.0,-100,8.0,-110,106,111,-1.5,1.5
12/26 10:16:43 am,Pinnacle,Los Angeles Clippers,Los Angeles Lakers,-8.0,-102,8.0,-108,106,111,-1.5,1.5
12/26 10:16:32 am,Pinnacle,Los Angeles Clippers,Los Angeles Lakers,-8.0,-103,8.0,-107,106,111,-1.5,1.5
12/26 10:16:01 am,Pinnacle,Los Angeles Clippers,Los Angeles Lakers,-8.0,-102,8.0,-108,106,111,-1.5,1.5
12/26 10:15:47 am,Pinnacle,Los Angeles Clippers,Los Angeles Lakers,-8.0,-103,8.0,-108,106,111,-1.5,1.5
12/26 10:15:41 am,Pinnacle,Los Angeles Clippers,Los Angeles Lakers,-8.0,-103,8.0,-107,106,111,-1.5,1.5
12/26 10:15:22 am,Pinnacle,Los Angeles Clippers,Los Angeles Lakers,-8.0,-103,8.0,-107,106,111,-1.5,1.5
12/26 10:15:10 am,Pinnacle,Los Angeles Clippers,Los Angeles Lakers,-8.0,-104,8.0,-106,106,111,-1.5,1.5
12/26 10:15:05 am,Pinnacle,Los Angeles Clippers,Los Angeles Lakers,-8.0,-105,8.0,-105,106,111,-1.5,1.5
12/26 10:14:37 am,Pinnacle,Los Angeles Clippers,Los Angeles Lakers,-8.0,-104,8.0,-106,106,111,-1.5,1.5
12/26 10:14:26 am,Pinnacle,Los Angeles Clippers,Los Angeles Lakers,-8.0,-104,8.0,-106,106,111,-1.5,1.5
12/26 10:14:08 am,Pinnacle,Los Angeles Clippers,Los Angeles Lakers,-8.0,-104,8.0,-106,106,111,-1.5,1.5
12/26 10:13:58 am,Pinnacle,Los Angeles Clippers,Los Angeles Lakers,-8.0,-105,8.0,-105,106,111,-1.5,1.5
12/26 10:13:56 am,Pinnacle,Los Angeles Clippers,Los Angeles Lakers,-8.0,-106,8.0,-104,106,111,-1.5,1.5
12/26 10:13:41 am,Pinnacle,Los Angeles Clippers,Los Angeles Lakers,-8.0,-105,8.0,-105,106,111,-1.5,1.5
12/26 10:12:52 am,Pinnacle,Los Angeles Clippers,Los Angeles Lakers,-8.0,-106,8.0,-104,106,111,-1.5,1.5
12/26 10:12:35 am,Pinnacle,Los Angeles Clippers,Los Angeles Lakers,-8.0,-108,8.0,-103,106,111,-1.5,1.5
12/26 10:12:22 am,Pinnacle,Los Angeles Clippers,Los Angeles Lakers,-8.0,-109,8.0,-101,106,111,-1.5,1.5
12/26 10:12:16 am,Pinnacle,Los Angeles Clippers,Los Angeles Lakers,-8.0,-109,8.0,-101,106,111,-1.5,1.5
12/26 10:12:09 am,Pinnacle,Los Angeles Clippers,Los Angeles Lakers,-8.5,102,8.5,-113,106,111,-1.5,1.5
12/26 10:12:08 am,Pinnacle,Los Angeles Clippers,Los Angeles Lakers,-8.5,100,8.5,-111,106,111,-1.5,1.5
12/26 10:12:07 am,Pinnacle,Los Angeles Clippers,Los Angeles Lakers,-8.5,102,8.5,-113,106,111,-1.5,1.5
12/26 10:12:01 am,Pinnacle,Los Angeles Clippers,Los Angeles Lakers,-8.5,100,8.5,-111,106,111,-1.5,1.5
12/26 10:11:44 am,Pinnacle,Los Angeles Clippers,Los Angeles Lakers,-8.5,-101,8.5,-109,106,111,-1.5,1.5
12/26 10:11:32 am,Pinnacle,Los Angeles Clippers,Los Angeles Lakers,-8.5,-101,8.5,-109,106,111,-1.5,1.5
12/26 10:11:29 am,Pinnacle,Los Angeles Clippers,Los Angeles Lakers,-8.5,-105,8.5,-105,106,111,-1.5,1.5
12/26 10:10:10 am,Pinnacle,Los Angeles Clippers,Los Angeles Lakers,-8.5,-102,8.5,-108,106,111,-1.5,1.5
12/26 10:09:50 am,Pinnacle,Los Angeles Clippers,Los Angeles Lakers,-8.5,-104,8.5,-106,106,111,-1.5,1.5
12/26 10:09:34 am,Pinnacle,Los Angeles Clippers,Los Angeles Lakers,-8.5,-105,8.5,-105,106,111,-1.5,1.5
12/26 10:09:32 am,Pinnacle,Los Angeles Clippers,Los Angeles Lakers,-8.5,-105,8.5,-105,106,111,-1.5,1.5
12/26 10:09:20 am,Pinnacle,Los Angeles Clippers,Los Angeles Lakers,-9.0,108,9.0,-119,106,111,-1.5,1.5
12/26 10:09:14 am,Pinnacle,Los Angeles Clippers,Los Angeles Lakers,-9.0,106,9.0,-117,106,111,-1.5,1.5
12/26 10:09:02 am,Pinnacle,Los Angeles Clippers,Los Angeles Lakers,-9.0,-101,9.0,-109,106,111,-1.5,1.5
12/26 10:08:49 am,Pinnacle,Los Angeles Clippers,Los Angeles Lakers,-9.0,-110,9.0,-101,106,111,-1.5,1.5
12/26 10:07:44 am,Pinnacle,Los Angeles Clippers,Los Angeles Lakers,-10.0,-114,10.0,-116,106,111,-1.5,1.5
12/26 10:07:40 am,Pinnacle,Los Angeles Clippers,Los Angeles Lakers,-10.0,-112,10.0,-118,106,111,-1.5,1.5
12/26 10:07:19 am,Pinnacle,Los Angeles Clippers,Los Angeles Lakers,-8.0,-117,8.0,-113,106,111,-1.5,1.5
12/26 10:07:02 am,Pinnacle,Los Angeles Clippers,Los Angeles Lakers,-8.0,-111,8.0,-119,106,111,-1.5,1.5
12/26 10:06:11 am,Pinnacle,Los Angeles Clippers,Los Angeles Lakers,-8.0,-112,8.0,-118,106,111,-1.5,1.5
12/26 10:06:07 am,Pinnacle,Los Angeles Clippers,Los Angeles Lakers,-5.0,-117,5.0,-113,106,111,-1.5,1.5
12/26 10:06:02 am,Pinnacle,Los Angeles Clippers,Los Angeles Lakers,-5.0,-118,5.0,-112,106,111,-1.5,1.5
12/26 10:05:38 am,Pinnacle,Los Angeles Clippers,Los Angeles Lakers,-5.0,-116,5.0,-114,106,111,-1.5,1.5
12/26 10:05:34 am,Pinnacle,Los Angeles Clippers,Los Angeles Lakers,-4.5,-115,4.5,-115,106,111,-1.5,1.5
12/26 10:05:32 am,Pinnacle,Los Angeles Clippers,Los Angeles Lakers,-4.5,-116,4.5,-114,106,111,-1.5,1.5
12/26 10:05:19 am,Pinnacle,Los Angeles Clippers,Los Angeles Lakers,-4.5,-111,4.5,-120,106,111,-1.5,1.5
12/26 10:05:14 am,Pinnacle,Los Angeles Clippers,Los Angeles Lakers,-4.5,-116,4.5,-114,106,111,-1.5,1.5
12/26 10:05:11 am,Pinnacle,Los Angeles Clippers,Los Angeles Lakers,-4.0,-109,4.0,-122,106,111,-1.5,1.5
12/26 10:05:05 am,Pinnacle,Los Angeles Clippers,Los Angeles Lakers,-4.0,-114,4.0,-116,106,111,-1.5,1.5
12/26 10:04:59 am,Pinnacle,Los Angeles Clippers,Los Angeles Lakers,-4.0,-116,4.0,-114,106,111,-1.5,1.5
12/26 10:04:08 am,Pinnacle,Los Angeles Clippers,Los Angeles Lakers,-4.5,-114,4.5,-116,106,111,-1.5,1.5
12/26 10:04:01 am,Pinnacle,Los Angeles Clippers,Los Angeles Lakers,-4.5,-113,4.5,-117,106,111,-1.5,1.5
12/26 10:03:50 am,Pinnacle,Los Angeles Clippers,Los Angeles Lakers,-3.5,-111,3.5,-119,106,111,-1.5,1.5
12/26 10:03:31 am,Pinnacle,Los Angeles Clippers,Los Angeles Lakers,-2.5,-115,2.5,-115,106,111,-1.5,1.5
12/26 10:03:29 am,Pinnacle,Los Angeles Clippers,Los Angeles Lakers,-3.5,-111,3.5,-119,106,111,-1.5,1.5
12/26 10:03:14 am,Pinnacle,Los Angeles Clippers,Los Angeles Lakers,-3.0,-117,3.0,-113,106,111,-1.5,1.5
12/26 10:03:11 am,Pinnacle,Los Angeles Clippers,Los Angeles Lakers,-3.0,-111,3.0,-119,106,111,-1.5,1.5
12/26 10:02:38 am,Pinnacle,Los Angeles Clippers,Los Angeles Lakers,-2.5,-116,2.5,-114,106,111,-1.5,1.5
12/26 10:02:26 am,Pinnacle,Los Angeles Clippers,Los Angeles Lakers,-2.5,-117,2.5,-113,106,111,-1.5,1.5
12/26 10:02:20 am,Pinnacle,Los Angeles Clippers,Los Angeles Lakers,-2.0,-112,2.0,-118,106,111,-1.5,1.5
12/26 10:02:07 am,Pinnacle,Los Angeles Clippers,Los Angeles Lakers,-2.0,-116,2.0,-114,106,111,-1.5,1.5
12/26 10:01:59 am,Pinnacle,Los Angeles Clippers,Los Angeles Lakers,-1.5,-113,1.5,-117,106,111,-1.5,1.5
12/26 10:01:56 am,Pinnacle,Los Angeles Clippers,Los Angeles Lakers,-1.5,-110,1.5,-120,106,111,-1.5,1.5
12/26 10:01:41 am,Pinnacle,Los Angeles Clippers,Los Angeles Lakers,-1.0,-111,1.0,-119,106,111,-1.5,1.5
12/26 9:59:11 am,Pinnacle,Los Angeles Clippers,Los Angeles Lakers,-1.0,-101,1.0,-116,106,111,-1.5,1.5
12/26 9:59:08 am,Pinnacle,Los Angeles Clippers,Los Angeles Lakers,-1.0,101,1.0,-117,106,111,-1.5,1.5
12/26 9:58:47 am,Pinnacle,Los Angeles Clippers,Los Angeles Lakers,-1.0,102,1.0,-119,106,111,-1.5,1.5
12/26 9:58:12 am,Pinnacle,Los Angeles Clippers,Los Angeles Lakers,-1.5,102,1.5,-135,106,111,-1.5,1.5
12/26 9:57:53 am,Pinnacle,Los Angeles Clippers,Los Angeles Lakers,1.0,-124,-1.0,-107,106,111,-1.5,1.5
12/26 9:57:50 am,Pinnacle,Los Angeles Clippers,Los Angeles Lakers,1.0,-139,-1.0,105,106,111,-1.5,1.5
12/26 9:57:38 am,Pinnacle,Los Angeles Clippers,Los Angeles Lakers,1.0,-111,-1.0,-120,106,111,-1.5,1.5
12/26 10:01:38 am,Pinnacle,Los Angeles Clippers,Los Angeles Lakers,-1.5,-114,1.5,-116,106,111,-1.5,1.5
12/26 9:57:29 am,Pinnacle,Los Angeles Clippers,Los Angeles Lakers,1.0,-109,-1.0,-121,106,111,-1.5,1.5
12/26 9:57:26 am,Pinnacle,Los Angeles Clippers,Los Angeles Lakers,-1.0,-102,1.0,-130,106,111,-1.5,1.5
12/26 9:57:19 am,Pinnacle,Los Angeles Clippers,Los Angeles Lakers,-1.0,-113,1.0,-117,106,111,-1.5,1.5
12/26 9:57:02 am,Pinnacle,Los Angeles Clippers,Los Angeles Lakers,1.0,-123,-1.0,-108,106,111,-1.5,1.5
12/26 9:56:49 am,Pinnacle,Los Angeles Clippers,Los Angeles Lakers,-1.0,-125,1.0,-106,106,111,-1.5,1.5
12/26 9:56:43 am,Pinnacle,Los Angeles Clippers,Los Angeles Lakers,-1.0,-117,1.0,-113,106,111,-1.5,1.5
12/26 9:56:41 am,Pinnacle,Los Angeles Clippers,Los Angeles Lakers,-1.0,-115,1.0,-115,106,111,-1.5,1.5
12/26 9:56:38 am,Pinnacle,Los Angeles Clippers,Los Angeles Lakers,-1.0,-103,1.0,-129,106,111,-1.5,1.5
12/26 9:56:32 am,Pinnacle,Los Angeles Clippers,Los Angeles Lakers,-1.5,-114,1.5,-117,106,111,-1.5,1.5
12/26 9:56:29 am,Pinnacle,Los Angeles Clippers,Los Angeles Lakers,-1.5,-116,1.5,-114,106,111,-1.5,1.5
12/26 9:56:22 am,Pinnacle,Los Angeles Clippers,Los Angeles Lakers,-2.0,-116,2.0,-114,106,111,-1.5,1.5
12/26 9:55:53 am,Pinnacle,Los Angeles Clippers,Los Angeles Lakers,-1.0,-120,1.0,-110,106,111,-1.5,1.5
12/26 9:55:49 am,Pinnacle,Los Angeles Clippers,Los Angeles Lakers,-1.0,-119,1.0,-111,106,111,-1.5,1.5
12/26 9:55:13 am,Pinnacle,Los Angeles Clippers,Los Angeles Lakers,-1.0,-114,1.0,-116,106,111,-1.5,1.5
12/26 9:55:04 am,Pinnacle,Los Angeles Clippers,Los Angeles Lakers,1.0,-123,-1.0,-108,106,111,-1.5,1.5
12/26 9:54:35 am,Pinnacle,Los Angeles Clippers,Los Angeles Lakers,-1.0,-118,1.0,-112,106,111,-1.5,1.5
12/26 9:54:32 am,Pinnacle,Los Angeles Clippers,Los Angeles Lakers,-1.5,-114,1.5,-116,106,111,-1.5,1.5
12/26 9:54:29 am,Pinnacle,Los Angeles Clippers,Los Angeles Lakers,-1.5,-121,1.5,-109,106,111,-1.5,1.5
12/26 9:54:20 am,Pinnacle,Los Angeles Clippers,Los Angeles Lakers,-2.0,-121,2.0,-109,106,111,-1.5,1.5
12/26 9:54:11 am,Pinnacle,Los Angeles Clippers,Los Angeles Lakers,-1.5,-116,1.5,-114,106,111,-1.5,1.5
12/26 9:54:08 am,Pinnacle,Los Angeles Clippers,Los Angeles Lakers,-1.5,-117,1.5,-113,106,111,-1.5,1.5
12/26 9:54:05 am,Pinnacle,Los Angeles Clippers,Los Angeles Lakers,-2.0,-119,2.0,-111,106,111,-1.5,1.5
12/26 9:53:53 am,Pinnacle,Los Angeles Clippers,Los Angeles Lakers,-1.0,-119,1.0,-111,106,111,-1.5,1.5
12/26 9:53:29 am,Pinnacle,Los Angeles Clippers,Los Angeles Lakers,-1.0,-118,1.0,-112,106,111,-1.5,1.5
12/26 9:53:17 am,Pinnacle,Los Angeles Clippers,Los Angeles Lakers,-1.5,-112,1.5,-118,106,111,-1.5,1.5
12/26 9:53:13 am,Pinnacle,Los Angeles Clippers,Los Angeles Lakers,1.5,-117,-1.5,-113,106,111,-1.5,1.5
12/26 9:53:02 am,Pinnacle,Los Angeles Clippers,Los Angeles Lakers,-1.0,-114,1.0,-116,106,111,-1.5,1.5
12/26 9:52:22 am,Pinnacle,Los Angeles Clippers,Los Angeles Lakers,-1.5,-114,1.5,-116,106,111,-1.5,1.5
12/26 9:51:37 am,Pinnacle,Los Angeles Clippers,Los Angeles Lakers,-2.0,-121,2.0,-109,106,111,-1.5,1.5
12/26 9:51:35 am,Pinnacle,Los Angeles Clippers,Los Angeles Lakers,-2.5,-111,2.5,-119,106,111,-1.5,1.5
12/26 9:51:11 am,Pinnacle,Los Angeles Clippers,Los Angeles Lakers,-2.5,-115,2.5,-115,106,111,-1.5,1.5
12/26 9:51:08 am,Pinnacle,Los Angeles Clippers,Los Angeles Lakers,-3.0,-111,3.0,-119,106,111,-1.5,1.5
12/26 9:50:47 am,Pinnacle,Los Angeles Clippers,Los Angeles Lakers,-3.5,-111,3.5,-119,106,111,-1.5,1.5
12/26 9:49:11 am,Pinnacle,Los Angeles Clippers,Los Angeles Lakers,-3.0,-106,3.0,-111,106,111,-1.5,1.5
12/26 9:48:41 am,Pinnacle,Los Angeles Clippers,Los Angeles Lakers,-3.0,-106,3.0,-110,106,111,-1.5,1.5
12/26 9:48:32 am,Pinnacle,Los Angeles Clippers,Los Angeles Lakers,-3.0,101,3.0,-118,106,111,-1.5,1.5
12/26 9:48:08 am,Pinnacle,Los Angeles Clippers,Los Angeles Lakers,-3.0,-101,3.0,-116,106,111,-1.5,1.5
12/26 9:48:02 am,Pinnacle,Los Angeles Clippers,Los Angeles Lakers,-3.0,-108,3.0,-108,106,111,-1.5,1.5
12/26 9:47:14 am,Pinnacle,Los Angeles Clippers,Los Angeles Lakers,-3.5,-110,3.5,-120,106,111,-1.5,1.5
12/26 9:52:28 am,Pinnacle,Los Angeles Clippers,Los Angeles Lakers,-2.0,-114,2.0,-116,106,111,-1.5,1.5
12/26 9:46:56 am,Pinnacle,Los Angeles Clippers,Los Angeles Lakers,-4.0,-110,4.0,-120,106,111,-1.5,1.5
12/26 9:46:53 am,Pinnacle,Los Angeles Clippers,Los Angeles Lakers,-4.5,-113,4.5,-117,106,111,-1.5,1.5
12/26 9:46:47 am,Pinnacle,Los Angeles Clippers,Los Angeles Lakers,-4.5,-112,4.5,-119,106,111,-1.5,1.5
12/26 9:46:44 am,Pinnacle,Los Angeles Clippers,Los Angeles Lakers,-4.5,-117,4.5,-113,106,111,-1.5,1.5
12/26 9:46:38 am,Pinnacle,Los Angeles Clippers,Los Angeles Lakers,-4.5,-114,4.5,-116,106,111,-1.5,1.5
12/26 9:46:35 am,Pinnacle,Los Angeles Clippers,Los Angeles Lakers,-4.0,-115,4.0,-115,106,111,-1.5,1.5
12/26 9:45:50 am,Pinnacle,Los Angeles Clippers,Los Angeles Lakers,-5.0,-115,5.0,-115,106,111,-1.5,1.5
12/26 9:45:47 am,Pinnacle,Los Angeles Clippers,Los Angeles Lakers,-5.5,-114,5.5,-116,106,111,-1.5,1.5
12/26 9:45:41 am,Pinnacle,Los Angeles Clippers,Los Angeles Lakers,-6.0,-114,6.0,-116,106,111,-1.5,1.5
12/26 9:45:38 am,Pinnacle,Los Angeles Clippers,Los Angeles Lakers,-5.5,-115,5.5,-115,106,111,-1.5,1.5
12/26 9:45:29 am,Pinnacle,Los Angeles Clippers,Los Angeles Lakers,-5.0,-115,5.0,-115,106,111,-1.5,1.5
12/26 9:45:20 am,Pinnacle,Los Angeles Clippers,Los Angeles Lakers,-4.5,-113,4.5,-117,106,111,-1.5,1.5
12/26 9:44:53 am,Pinnacle,Los Angeles Clippers,Los Angeles Lakers,-4.0,-116,4.0,-114,106,111,-1.5,1.5
12/26 9:44:47 am,Pinnacle,Los Angeles Clippers,Los Angeles Lakers,-3.5,-119,3.5,-111,106,111,-1.5,1.5
12/26 9:44:14 am,Pinnacle,Los Angeles Clippers,Los Angeles Lakers,-3.5,-121,3.5,-110,106,111,-1.5,1.5
12/26 9:44:11 am,Pinnacle,Los Angeles Clippers,Los Angeles Lakers,-4.0,-112,4.0,-118,106,111,-1.5,1.5
12/26 9:43:56 am,Pinnacle,Los Angeles Clippers,Los Angeles Lakers,-3.5,-111,3.5,-119,106,111,-1.5,1.5
12/26 9:43:53 am,Pinnacle,Los Angeles Clippers,Los Angeles Lakers,-3.0,-116,3.0,-114,106,111,-1.5,1.5
12/26 9:42:22 am,Pinnacle,Los Angeles Clippers,Los Angeles Lakers,-2.5,-118,2.5,-112,106,111,-1.5,1.5
12/26 9:41:56 am,Pinnacle,Los Angeles Clippers,Los Angeles Lakers,-3.5,-110,3.5,-120,106,111,-1.5,1.5
12/26 9:41:53 am,Pinnacle,Los Angeles Clippers,Los Angeles Lakers,-2.5,-116,2.5,-114,106,111,-1.5,1.5
12/26 9:41:13 am,Pinnacle,Los Angeles Clippers,Los Angeles Lakers,-3.5,-112,3.5,-118,106,111,-1.5,1.5
12/26 9:41:07 am,Pinnacle,Los Angeles Clippers,Los Angeles Lakers,-2.5,-118,2.5,-113,106,111,-1.5,1.5
12/26 9:40:47 am,Pinnacle,Los Angeles Clippers,Los Angeles Lakers,-3.5,-112,3.5,-119,106,111,-1.5,1.5
12/26 9:40:35 am,Pinnacle,Los Angeles Clippers,Los Angeles Lakers,-3.5,-113,3.5,-117,106,111,-1.5,1.5
12/26 9:40:17 am,Pinnacle,Los Angeles Clippers,Los Angeles Lakers,-3.5,-112,3.5,-118,106,111,-1.5,1.5
12/26 9:40:05 am,Pinnacle,Los Angeles Clippers,Los Angeles Lakers,-3.0,-119,3.0,-111,106,111,-1.5,1.5
12/26 9:39:59 am,Pinnacle,Los Angeles Clippers,Los Angeles Lakers,-4.0,-111,4.0,-119,106,111,-1.5,1.5
12/26 9:39:47 am,Pinnacle,Los Angeles Clippers,Los Angeles Lakers,-4.5,-104,4.5,-127,106,111,-1.5,1.5
12/26 9:39:44 am,Pinnacle,Los Angeles Clippers,Los Angeles Lakers,-4.5,-116,4.5,-114,106,111,-1.5,1.5
12/26 9:39:35 am,Pinnacle,Los Angeles Clippers,Los Angeles Lakers,-4.0,-110,4.0,-120,106,111,-1.5,1.5
12/26 9:39:29 am,Pinnacle,Los Angeles Clippers,Los Angeles Lakers,-4.5,-113,4.5,-117,106,111,-1.5,1.5
12/26 9:39:23 am,Pinnacle,Los Angeles Clippers,Los Angeles Lakers,-4.5,-114,4.5,-116,106,111,-1.5,1.5
12/26 9:39:16 am,Pinnacle,Los Angeles Clippers,Los Angeles Lakers,-5.0,-114,5.0,-116,106,111,-1.5,1.5
12/26 9:39:08 am,Pinnacle,Los Angeles Clippers,Los Angeles Lakers,-5.0,-115,5.0,-115,106,111,-1.5,1.5
12/26 9:39:05 am,Pinnacle,Los Angeles Clippers,Los Angeles Lakers,-6.0,-112,6.0,-118,106,111,-1.5,1.5
12/26 9:39:01 am,Pinnacle,Los Angeles Clippers,Los Angeles Lakers,-4.0,-112,4.0,-118,106,111,-1.5,1.5
12/26 9:38:59 am,Pinnacle,Los Angeles Clippers,Los Angeles Lakers,-4.0,-111,4.0,-120,106,111,-1.5,1.5
12/26 9:38:35 am,Pinnacle,Los Angeles Clippers,Los Angeles Lakers,-3.5,-111,3.5,-120,106,111,-1.5,1.5
12/26 9:38:32 am,Pinnacle,Los Angeles Clippers,Los Angeles Lakers,-3.5,-112,3.5,-119,106,111,-1.5,1.5
12/26 9:37:59 am,Pinnacle,Los Angeles Clippers,Los Angeles Lakers,-4.0,-112,4.0,-119,106,111,-1.5,1.5
12/26 9:37:46 am,Pinnacle,Los Angeles Clippers,Los Angeles Lakers,-3.0,-118,3.0,-112,106,111,-1.5,1.5
12/26 9:37:40 am,Pinnacle,Los Angeles Clippers,Los Angeles Lakers,-3.0,-119,3.0,-111,106,111,-1.5,1.5
12/26 9:37:38 am,Pinnacle,Los Angeles Clippers,Los Angeles Lakers,-3.5,-118,3.5,-112,106,111,-1.5,1.5
12/26 9:37:17 am,Pinnacle,Los Angeles Clippers,Los Angeles Lakers,-2.5,-118,2.5,-112,106,111,-1.5,1.5
12/26 9:36:56 am,Pinnacle,Los Angeles Clippers,Los Angeles Lakers,-2.5,-119,2.5,-112,106,111,-1.5,1.5
12/26 9:36:52 am,Pinnacle,Los Angeles Clippers,Los Angeles Lakers,-3.0,-110,3.0,-120,106,111,-1.5,1.5
12/26 9:36:20 am,Pinnacle,Los Angeles Clippers,Los Angeles Lakers,-2.5,-108,2.5,-108,106,111,-1.5,1.5
12/26 9:35:14 am,Pinnacle,Los Angeles Clippers,Los Angeles Lakers,-2.5,-107,2.5,-109,106,111,-1.5,1.5
12/26 9:33:53 am,Pinnacle,Los Angeles Clippers,Los Angeles Lakers,-2.5,-106,2.5,-110,106,111,-1.5,1.5
12/26 9:33:35 am,Pinnacle,Los Angeles Clippers,Los Angeles Lakers,-2.5,-110,2.5,-106,106,111,-1.5,1.5
12/26 9:33:05 am,Pinnacle,Los Angeles Clippers,Los Angeles Lakers,-2.0,-114,2.0,-116,106,111,-1.5,1.5
12/26 9:33:02 am,Pinnacle,Los Angeles Clippers,Los Angeles Lakers,-2.0,-118,2.0,-112,106,111,-1.5,1.5
12/26 9:32:59 am,Pinnacle,Los Angeles Clippers,Los Angeles Lakers,-3.5,-101,3.5,-132,106,111,-1.5,1.5
12/26 9:32:41 am,Pinnacle,Los Angeles Clippers,Los Angeles Lakers,-1.5,-116,1.5,-114,106,111,-1.5,1.5
12/26 9:32:29 am,Pinnacle,Los Angeles Clippers,Los Angeles Lakers,-1.5,-112,1.5,-118,106,111,-1.5,1.5
12/26 9:32:17 am,Pinnacle,Los Angeles Clippers,Los Angeles Lakers,-1.0,-109,1.0,-121,106,111,-1.5,1.5
12/26 9:32:10 am,Pinnacle,Los Angeles Clippers,Los Angeles Lakers,-1.0,-108,1.0,-123,106,111,-1.5,1.5
12/26 9:32:05 am,Pinnacle,Los Angeles Clippers,Los Angeles Lakers,1.0,-121,-1.0,-109,106,111,-1.5,1.5
12/26 9:31:56 am,Pinnacle,Los Angeles Clippers,Los Angeles Lakers,1.5,-121,-1.5,-109,106,111,-1.5,1.5
12/26 9:31:52 am,Pinnacle,Los Angeles Clippers,Los Angeles Lakers,1.5,-124,-1.5,-106,106,111,-1.5,1.5
12/26 9:31:50 am,Pinnacle,Los Angeles Clippers,Los Angeles Lakers,1.0,-124,-1.0,-106,106,111,-1.5,1.5
12/26 9:31:20 am,Pinnacle,Los Angeles Clippers,Los Angeles Lakers,1.5,-118,-1.5,-112,106,111,-1.5,1.5
12/26 9:31:11 am,Pinnacle,Los Angeles Clippers,Los Angeles Lakers,1.5,-115,-1.5,-115,106,111,-1.5,1.5
12/26 9:30:38 am,Pinnacle,Los Angeles Clippers,Los Angeles Lakers,1.5,-111,-1.5,-119,106,111,-1.5,1.5
12/26 9:30:35 am,Pinnacle,Los Angeles Clippers,Los Angeles Lakers,1.5,-110,-1.5,-120,106,111,-1.5,1.5
12/26 9:30:31 am,Pinnacle,Los Angeles Clippers,Los Angeles Lakers,2.0,-110,-2.0,-120,106,111,-1.5,1.5
12/26 9:30:29 am,Pinnacle,Los Angeles Clippers,Los Angeles Lakers,1.0,-110,-1.0,-120,106,111,-1.5,1.5
12/26 9:30:26 am,Pinnacle,Los Angeles Clippers,Los Angeles Lakers,1.5,-122,-1.5,-108,106,111,-1.5,1.5
12/26 9:30:23 am,Pinnacle,Los Angeles Clippers,Los Angeles Lakers,1.0,-122,-1.0,-108,106,111,-1.5,1.5
12/26 9:30:16 am,Pinnacle,Los Angeles Clippers,Los Angeles Lakers,1.0,-121,-1.0,-109,106,111,-1.5,1.5
12/26 9:30:11 am,Pinnacle,Los Angeles Clippers,Los Angeles Lakers,-1.0,-111,1.0,-119,106,111,-1.5,1.5
12/26 9:30:08 am,Pinnacle,Los Angeles Clippers,Los Angeles Lakers,-1.0,-112,1.0,-118,106,111,-1.5,1.5
12/26 9:29:58 am,Pinnacle,Los Angeles Clippers,Los Angeles Lakers,-1.5,-112,1.5,-118,106,111,-1.5,1.5
12/26 9:29:50 am,Pinnacle,Los Angeles Clippers,Los Angeles Lakers,-1.0,-108,1.0,-122,106,111,-1.5,1.5
12/26 9:29:44 am,Pinnacle,Los Angeles Clippers,Los Angeles Lakers,-1.0,-111,1.0,-119,106,111,-1.5,1.5
12/26 9:29:41 am,Pinnacle,Los Angeles Clippers,Los Angeles Lakers,-1.0,-113,1.0,-118,106,111,-1.5,1.5
12/26 9:29:38 am,Pinnacle,Los Angeles Clippers,Los Angeles Lakers,1.0,-113,-1.0,-118,106,111,-1.5,1.5
12/26 9:29:34 am,Pinnacle,Los Angeles Clippers,Los Angeles Lakers,1.0,-113,-1.0,-117,106,111,-1.5,1.5
12/26 9:29:32 am,Pinnacle,Los Angeles Clippers,Los Angeles Lakers,1.0,-110,-1.0,-120,106,111,-1.5,1.5
12/26 9:29:29 am,Pinnacle,Los Angeles Clippers,Los Angeles Lakers,-1.0,-110,1.0,-120,106,111,-1.5,1.5
12/26 9:29:26 am,Pinnacle,Los Angeles Clippers,Los Angeles Lakers,-1.0,-109,1.0,-121,106,111,-1.5,1.5
12/26 9:29:23 am,Pinnacle,Los Angeles Clippers,Los Angeles Lakers,-2.0,-102,2.0,-130,106,111,-1.5,1.5
12/26 9:29:10 am,Pinnacle,Los Angeles Clippers,Los Angeles Lakers,1.0,-125,-1.0,-105,106,111,-1.5,1.5
12/26 9:27:08 am,Pinnacle,Los Angeles Clippers,Los Angeles Lakers,-1.0,-103,1.0,-113,106,111,-1.5,1.5
12/26 9:25:59 am,Pinnacle,Los Angeles Clippers,Los Angeles Lakers,-1.0,-109,1.0,-107,106,111,-1.5,1.5
12/26 9:25:29 am,Pinnacle,Los Angeles Clippers,Los Angeles Lakers,-1.5,-112,1.5,-118,106,111,-1.5,1.5
12/26 9:25:26 am,Pinnacle,Los Angeles Clippers,Los Angeles Lakers,-2.0,-115,2.0,-115,106,111,-1.5,1.5
12/26 9:28:58 am,Pinnacle,Los Angeles Clippers,Los Angeles Lakers,-1.0,-111,1.0,-119,106,111,-1.5,1.5
12/26 9:25:20 am,Pinnacle,Los Angeles Clippers,Los Angeles Lakers,-1.0,-115,1.0,-115,106,111,-1.5,1.5
12/26 9:25:10 am,Pinnacle,Los Angeles Clippers,Los Angeles Lakers,1.0,-124,-1.0,-106,106,111,-1.5,1.5
12/26 9:25:10 am,Pinnacle,Los Angeles Clippers,Los Angeles Lakers,-1.0,-103,1.0,-128,106,111,-1.5,1.5
12/26 9:25:08 am,Pinnacle,Los Angeles Clippers,Los Angeles Lakers,1.0,-124,-1.0,-106,106,111,-1.5,1.5
12/26 9:25:07 am,Pinnacle,Los Angeles Clippers,Los Angeles Lakers,-1.0,-103,1.0,-128,106,111,-1.5,1.5
12/26 9:25:06 am,Pinnacle,Los Angeles Clippers,Los Angeles Lakers,-1.0,-114,1.0,-116,106,111,-1.5,1.5
12/26 9:25:06 am,Pinnacle,Los Angeles Clippers,Los Angeles Lakers,-1.0,-103,1.0,-128,106,111,-1.5,1.5
12/26 9:24:59 am,Pinnacle,Los Angeles Clippers,Los Angeles Lakers,-1.0,-114,1.0,-116,106,111,-1.5,1.5
12/26 9:24:47 am,Pinnacle,Los Angeles Clippers,Los Angeles Lakers,-1.0,-113,1.0,-117,106,111,-1.5,1.5
12/26 9:24:41 am,Pinnacle,Los Angeles Clippers,Los Angeles Lakers,-1.0,-116,1.0,-114,106,111,-1.5,1.5
12/26 9:24:38 am,Pinnacle,Los Angeles Clippers,Los Angeles Lakers,-1.0,-102,1.0,-129,106,111,-1.5,1.5
12/26 9:24:32 am,Pinnacle,Los Angeles Clippers,Los Angeles Lakers,-1.5,-113,1.5,-117,106,111,-1.5,1.5
12/26 9:24:23 am,Pinnacle,Los Angeles Clippers,Los Angeles Lakers,-1.5,-111,1.5,-119,106,111,-1.5,1.5
12/26 9:24:19 am,Pinnacle,Los Angeles Clippers,Los Angeles Lakers,-1.0,-115,1.0,-115,106,111,-1.5,1.5
12/26 9:24:14 am,Pinnacle,Los Angeles Clippers,Los Angeles Lakers,-1.0,-114,1.0,-116,106,111,-1.5,1.5
12/26 9:24:05 am,Pinnacle,Los Angeles Clippers,Los Angeles Lakers,-1.5,-111,1.5,-119,106,111,-1.5,1.5
12/26 9:24:02 am,Pinnacle,Los Angeles Clippers,Los Angeles Lakers,-1.5,-115,1.5,-115,106,111,-1.5,1.5
12/26 9:23:53 am,Pinnacle,Los Angeles Clippers,Los Angeles Lakers,-2.0,-115,2.0,-115,106,111,-1.5,1.5
12/26 9:23:41 am,Pinnacle,Los Angeles Clippers,Los Angeles Lakers,-2.0,-116,2.0,-114,106,111,-1.5,1.5
12/26 9:23:26 am,Pinnacle,Los Angeles Clippers,Los Angeles Lakers,-2.0,-114,2.0,-116,106,111,-1.5,1.5
12/26 9:23:23 am,Pinnacle,Los Angeles Clippers,Los Angeles Lakers,-1.0,-113,1.0,-117,106,111,-1.5,1.5
12/26 9:23:11 am,Pinnacle,Los Angeles Clippers,Los Angeles Lakers,-3.0,-113,3.0,-117,106,111,-1.5,1.5
12/26 9:23:09 am,Pinnacle,Los Angeles Clippers,Los Angeles Lakers,-3.0,-114,3.0,-116,106,111,-1.5,1.5
12/26 9:23:08 am,Pinnacle,Los Angeles Clippers,Los Angeles Lakers,-3.0,-113,3.0,-117,106,111,-1.5,1.5
12/26 9:23:01 am,Pinnacle,Los Angeles Clippers,Los Angeles Lakers,-3.0,-114,3.0,-116,106,111,-1.5,1.5
12/26 9:22:59 am,Pinnacle,Los Angeles Clippers,Los Angeles Lakers,-4.0,-116,4.0,-114,106,111,-1.5,1.5
12/26 9:22:50 am,Pinnacle,Los Angeles Clippers,Los Angeles Lakers,-2.0,-116,2.0,-114,106,111,-1.5,1.5
12/26 9:22:43 am,Pinnacle,Los Angeles Clippers,Los Angeles Lakers,-1.5,-114,1.5,-116,106,111,-1.5,1.5
12/26 9:22:11 am,Pinnacle,Los Angeles Clippers,Los Angeles Lakers,-2.0,-114,2.0,-116,106,111,-1.5,1.5
12/26 9:21:59 am,Pinnacle,Los Angeles Clippers,Los Angeles Lakers,-2.0,-116,2.0,-114,106,111,-1.5,1.5
12/26 9:21:44 am,Pinnacle,Los Angeles Clippers,Los Angeles Lakers,-2.0,-110,2.0,-120,106,111,-1.5,1.5
12/26 9:21:38 am,Pinnacle,Los Angeles Clippers,Los Angeles Lakers,-1.5,-112,1.5,-119,106,111,-1.5,1.5
12/26 9:20:56 am,Pinnacle,Los Angeles Clippers,Los Angeles Lakers,-2.0,-114,2.0,-116,106,111,-1.5,1.5
12/26 9:20:52 am,Pinnacle,Los Angeles Clippers,Los Angeles Lakers,-2.0,-116,2.0,-114,106,111,-1.5,1.5
12/26 9:20:35 am,Pinnacle,Los Angeles Clippers,Los Angeles Lakers,-2.5,-116,2.5,-114,106,111,-1.5,1.5
12/26 9:20:28 am,Pinnacle,Los Angeles Clippers,Los Angeles Lakers,-3.0,-111,3.0,-119,106,111,-1.5,1.5
12/26 9:20:21 am,Pinnacle,Los Angeles Clippers,Los Angeles Lakers,-3.0,-113,3.0,-117,106,111,-1.5,1.5
12/26 9:20:11 am,Pinnacle,Los Angeles Clippers,Los Angeles Lakers,-3.0,-115,3.0,-115,106,111,-1.5,1.5
12/26 9:19:56 am,Pinnacle,Los Angeles Clippers,Los Angeles Lakers,-2.5,-117,2.5,-113,106,111,-1.5,1.5
12/26 9:17:20 am,Pinnacle,Los Angeles Clippers,Los Angeles Lakers,-2.5,101,2.5,-118,106,111,-1.5,1.5
12/26 9:16:56 am,Pinnacle,Los Angeles Clippers,Los Angeles Lakers,-2.5,-107,2.5,-109,106,111,-1.5,1.5
12/26 9:16:17 am,Pinnacle,Los Angeles Clippers,Los Angeles Lakers,-2.5,-117,2.5,-113,106,111,-1.5,1.5
12/26 9:16:14 am,Pinnacle,Los Angeles Clippers,Los Angeles Lakers,-2.5,-115,2.5,-115,106,111,-1.5,1.5
12/26 9:15:59 am,Pinnacle,Los Angeles Clippers,Los Angeles Lakers,-2.0,-115,2.0,-115,106,111,-1.5,1.5
12/26 9:15:56 am,Pinnacle,Los Angeles Clippers,Los Angeles Lakers,-2.0,-118,2.0,-112,106,111,-1.5,1.5
12/26 9:15:53 am,Pinnacle,Los Angeles Clippers,Los Angeles Lakers,-2.5,-118,2.5,-112,106,111,-1.5,1.5
12/26 9:15:47 am,Pinnacle,Los Angeles Clippers,Los Angeles Lakers,-2.0,-115,2.0,-115,106,111,-1.5,1.5
12/26 9:15:29 am,Pinnacle,Los Angeles Clippers,Los Angeles Lakers,-2.0,-112,2.0,-118,106,111,-1.5,1.5
12/26 9:15:23 am,Pinnacle,Los Angeles Clippers,Los Angeles Lakers,-1.5,-119,1.5,-111,106,111,-1.5,1.5
12/26 9:14:56 am,Pinnacle,Los Angeles Clippers,Los Angeles Lakers,-1.5,-116,1.5,-114,106,111,-1.5,1.5
12/26 9:14:38 am,Pinnacle,Los Angeles Clippers,Los Angeles Lakers,-1.0,-117,1.0,-113,106,111,-1.5,1.5
12/26 9:14:26 am,Pinnacle,Los Angeles Clippers,Los Angeles Lakers,-1.5,-117,1.5,-113,106,111,-1.5,1.5
12/26 9:14:23 am,Pinnacle,Los Angeles Clippers,Los Angeles Lakers,-1.0,-115,1.0,-115,106,111,-1.5,1.5
12/26 9:14:17 am,Pinnacle,Los Angeles Clippers,Los Angeles Lakers,-2.0,-115,2.0,-115,106,111,-1.5,1.5
12/26 9:14:05 am,Pinnacle,Los Angeles Clippers,Los Angeles Lakers,-1.0,-119,1.0,-111,106,111,-1.5,1.5
12/26 9:14:02 am,Pinnacle,Los Angeles Clippers,Los Angeles Lakers,-1.0,-118,1.0,-112,106,111,-1.5,1.5
12/26 9:13:59 am,Pinnacle,Los Angeles Clippers,Los Angeles Lakers,-1.0,-106,1.0,-125,106,111,-1.5,1.5
12/26 9:14:08 am,Pinnacle,Los Angeles Clippers,Los Angeles Lakers,-2.0,-117,2.0,-114,106,111,-1.5,1.5
12/26 9:13:50 am,Pinnacle,Los Angeles Clippers,Los Angeles Lakers,-1.5,-113,1.5,-117,106,111,-1.5,1.5
12/26 9:13:47 am,Pinnacle,Los Angeles Clippers,Los Angeles Lakers,-1.5,-116,1.5,-114,106,111,-1.5,1.5
12/26 9:13:35 am,Pinnacle,Los Angeles Clippers,Los Angeles Lakers,-2.0,-116,2.0,-114,106,111,-1.5,1.5
12/26 9:13:26 am,Pinnacle,Los Angeles Clippers,Los Angeles Lakers,-2.0,-118,2.0,-113,106,111,-1.5,1.5
12/26 9:13:17 am,Pinnacle,Los Angeles Clippers,Los Angeles Lakers,-2.5,-117,2.5,-113,106,111,-1.5,1.5
12/26 9:13:02 am,Pinnacle,Los Angeles Clippers,Los Angeles Lakers,-2.5,-114,2.5,-116,106,111,-1.5,1.5
12/26 9:12:59 am,Pinnacle,Los Angeles Clippers,Los Angeles Lakers,-3.0,-119,3.0,-111,106,111,-1.5,1.5
12/26 9:12:41 am,Pinnacle,Los Angeles Clippers,Los Angeles Lakers,-3.0,-118,3.0,-112,106,111,-1.5,1.5
12/26 9:12:38 am,Pinnacle,Los Angeles Clippers,Los Angeles Lakers,-3.0,-115,3.0,-115,106,111,-1.5,1.5
12/26 9:12:28 am,Pinnacle,Los Angeles Clippers,Los Angeles Lakers,-2.5,-115,2.5,-115,106,111,-1.5,1.5
12/26 9:12:27 am,Pinnacle,Los Angeles Clippers,Los Angeles Lakers,-2.5,102,2.5,-113,106,111,-1.5,1.5
12/26 9:12:26 am,Pinnacle,Los Angeles Clippers,Los Angeles Lakers,-2.5,-115,2.5,-115,106,111,-1.5,1.5
12/26 9:12:26 am,Pinnacle,Los Angeles Clippers,Los Angeles Lakers,-2.5,102,2.5,-113,106,111,-1.5,1.5
12/26 9:12:25 am,Pinnacle,Los Angeles Clippers,Los Angeles Lakers,-2.5,-115,2.5,-115,106,111,-1.5,1.5
12/26 9:12:25 am,Pinnacle,Los Angeles Clippers,Los Angeles Lakers,-2.5,102,2.5,-113,106,111,-1.5,1.5
12/26 9:12:24 am,Pinnacle,Los Angeles Clippers,Los Angeles Lakers,-2.5,-115,2.5,-115,106,111,-1.5,1.5
12/26 9:12:24 am,Pinnacle,Los Angeles Clippers,Los Angeles Lakers,-2.5,102,2.5,-113,106,111,-1.5,1.5
12/26 9:12:23 am,Pinnacle,Los Angeles Clippers,Los Angeles Lakers,-2.5,-115,2.5,-115,106,111,-1.5,1.5
12/26 9:12:23 am,Pinnacle,Los Angeles Clippers,Los Angeles Lakers,-2.5,102,2.5,-113,106,111,-1.5,1.5
12/26 9:12:22 am,Pinnacle,Los Angeles Clippers,Los Angeles Lakers,-2.5,-115,2.5,-115,106,111,-1.5,1.5
12/26 9:12:22 am,Pinnacle,Los Angeles Clippers,Los Angeles Lakers,-2.5,102,2.5,-113,106,111,-1.5,1.5
12/26 9:12:21 am,Pinnacle,Los Angeles Clippers,Los Angeles Lakers,-2.5,-115,2.5,-115,106,111,-1.5,1.5
12/26 9:12:21 am,Pinnacle,Los Angeles Clippers,Los Angeles Lakers,-2.5,102,2.5,-113,106,111,-1.5,1.5
12/26 9:12:20 am,Pinnacle,Los Angeles Clippers,Los Angeles Lakers,-2.5,-115,2.5,-115,106,111,-1.5,1.5
12/26 9:12:20 am,Pinnacle,Los Angeles Clippers,Los Angeles Lakers,-2.5,102,2.5,-113,106,111,-1.5,1.5
12/26 9:12:19 am,Pinnacle,Los Angeles Clippers,Los Angeles Lakers,-2.0,-101,2.0,-131,106,111,-1.5,1.5
12/26 9:12:18 am,Pinnacle,Los Angeles Clippers,Los Angeles Lakers,-2.5,102,2.5,-113,106,111,-1.5,1.5
12/26 9:12:18 am,Pinnacle,Los Angeles Clippers,Los Angeles Lakers,-2.0,-101,2.0,-131,106,111,-1.5,1.5
12/26 9:12:17 am,Pinnacle,Los Angeles Clippers,Los Angeles Lakers,-2.0,-101,2.0,-131,106,111,-1.5,1.5
12/26 9:12:17 am,Pinnacle,Los Angeles Clippers,Los Angeles Lakers,-2.5,102,2.5,-113,106,111,-1.5,1.5
12/26 9:12:16 am,Pinnacle,Los Angeles Clippers,Los Angeles Lakers,-2.0,-101,2.0,-131,106,111,-1.5,1.5
12/26 9:12:16 am,Pinnacle,Los Angeles Clippers,Los Angeles Lakers,-2.5,102,2.5,-113,106,111,-1.5,1.5
12/26 9:12:15 am,Pinnacle,Los Angeles Clippers,Los Angeles Lakers,-2.0,-101,2.0,-131,106,111,-1.5,1.5
12/26 9:12:15 am,Pinnacle,Los Angeles Clippers,Los Angeles Lakers,-2.5,102,2.5,-113,106,111,-1.5,1.5
12/26 9:12:14 am,Pinnacle,Los Angeles Clippers,Los Angeles Lakers,-2.5,102,2.5,-113,106,111,-1.5,1.5
12/26 9:12:14 am,Pinnacle,Los Angeles Clippers,Los Angeles Lakers,-2.0,-101,2.0,-131,106,111,-1.5,1.5
12/26 9:12:13 am,Pinnacle,Los Angeles Clippers,Los Angeles Lakers,-2.0,-101,2.0,-131,106,111,-1.5,1.5
12/26 9:12:13 am,Pinnacle,Los Angeles Clippers,Los Angeles Lakers,-2.5,102,2.5,-113,106,111,-1.5,1.5
12/26 9:12:12 am,Pinnacle,Los Angeles Clippers,Los Angeles Lakers,-2.0,-101,2.0,-131,106,111,-1.5,1.5
12/26 9:12:12 am,Pinnacle,Los Angeles Clippers,Los Angeles Lakers,-2.5,102,2.5,-113,106,111,-1.5,1.5
12/26 9:12:11 am,Pinnacle,Los Angeles Clippers,Los Angeles Lakers,-2.0,-101,2.0,-131,106,111,-1.5,1.5
12/26 9:12:11 am,Pinnacle,Los Angeles Clippers,Los Angeles Lakers,-2.5,102,2.5,-113,106,111,-1.5,1.5
12/26 9:12:10 am,Pinnacle,Los Angeles Clippers,Los Angeles Lakers,-2.0,-119,2.0,-111,106,111,-1.5,1.5
12/26 9:12:10 am,Pinnacle,Los Angeles Clippers,Los Angeles Lakers,-2.5,102,2.5,-113,106,111,-1.5,1.5
12/26 9:12:09 am,Pinnacle,Los Angeles Clippers,Los Angeles Lakers,-2.0,-119,2.0,-111,106,111,-1.5,1.5
12/26 9:12:09 am,Pinnacle,Los Angeles Clippers,Los Angeles Lakers,-2.5,102,2.5,-113,106,111,-1.5,1.5
12/26 9:12:08 am,Pinnacle,Los Angeles Clippers,Los Angeles Lakers,-2.5,102,2.5,-113,106,111,-1.5,1.5
12/26 9:12:07 am,Pinnacle,Los Angeles Clippers,Los Angeles Lakers,-2.0,-119,2.0,-111,106,111,-1.5,1.5
12/26 9:12:07 am,Pinnacle,Los Angeles Clippers,Los Angeles Lakers,-2.5,102,2.5,-113,106,111,-1.5,1.5
12/26 9:12:06 am,Pinnacle,Los Angeles Clippers,Los Angeles Lakers,-2.0,-119,2.0,-111,106,111,-1.5,1.5
12/26 9:12:06 am,Pinnacle,Los Angeles Clippers,Los Angeles Lakers,-2.5,102,2.5,-113,106,111,-1.5,1.5
12/26 9:12:05 am,Pinnacle,Los Angeles Clippers,Los Angeles Lakers,-2.5,102,2.5,-113,106,111,-1.5,1.5
12/26 9:12:05 am,Pinnacle,Los Angeles Clippers,Los Angeles Lakers,-2.0,-119,2.0,-111,106,111,-1.5,1.5
12/26 9:12:04 am,Pinnacle,Los Angeles Clippers,Los Angeles Lakers,-2.0,-119,2.0,-111,106,111,-1.5,1.5
12/26 9:12:04 am,Pinnacle,Los Angeles Clippers,Los Angeles Lakers,-2.5,102,2.5,-113,106,111,-1.5,1.5
12/26 9:12:03 am,Pinnacle,Los Angeles Clippers,Los Angeles Lakers,-2.0,-119,2.0,-111,106,111,-1.5,1.5
12/26 9:12:03 am,Pinnacle,Los Angeles Clippers,Los Angeles Lakers,-2.5,102,2.5,-113,106,111,-1.5,1.5
12/26 9:12:02 am,Pinnacle,Los Angeles Clippers,Los Angeles Lakers,-2.0,-119,2.0,-111,106,111,-1.5,1.5
12/26 9:12:02 am,Pinnacle,Los Angeles Clippers,Los Angeles Lakers,-2.5,102,2.5,-113,106,111,-1.5,1.5
12/26 9:12:01 am,Pinnacle,Los Angeles Clippers,Los Angeles Lakers,-2.0,-119,2.0,-111,106,111,-1.5,1.5
12/26 9:12:01 am,Pinnacle,Los Angeles Clippers,Los Angeles Lakers,-2.5,102,2.5,-113,106,111,-1.5,1.5
12/26 9:12:00 am,Pinnacle,Los Angeles Clippers,Los Angeles Lakers,-2.0,-119,2.0,-111,106,111,-1.5,1.5
12/26 9:12:00 am,Pinnacle,Los Angeles Clippers,Los Angeles Lakers,-2.5,102,2.5,-113,106,111,-1.5,1.5
12/26 9:11:59 am,Pinnacle,Los Angeles Clippers,Los Angeles Lakers,-2.0,-119,2.0,-111,106,111,-1.5,1.5
12/26 9:11:59 am,Pinnacle,Los Angeles Clippers,Los Angeles Lakers,-2.5,102,2.5,-113,106,111,-1.5,1.5
12/26 9:11:58 am,Pinnacle,Los Angeles Clippers,Los Angeles Lakers,-2.0,-117,2.0,-113,106,111,-1.5,1.5
12/26 9:11:58 am,Pinnacle,Los Angeles Clippers,Los Angeles Lakers,-2.5,102,2.5,-113,106,111,-1.5,1.5
12/26 9:11:57 am,Pinnacle,Los Angeles Clippers,Los Angeles Lakers,-2.0,-117,2.0,-113,106,111,-1.5,1.5
12/26 9:11:57 am,Pinnacle,Los Angeles Clippers,Los Angeles Lakers,-2.5,102,2.5,-113,106,111,-1.5,1.5
12/26 9:11:56 am,Pinnacle,Los Angeles Clippers,Los Angeles Lakers,-2.0,-117,2.0,-113,106,111,-1.5,1.5
12/26 9:11:56 am,Pinnacle,Los Angeles Clippers,Los Angeles Lakers,-2.5,102,2.5,-113,106,111,-1.5,1.5
12/26 9:11:55 am,Pinnacle,Los Angeles Clippers,Los Angeles Lakers,-1.5,-117,1.5,-113,106,111,-1.5,1.5
12/26 9:11:55 am,Pinnacle,Los Angeles Clippers,Los Angeles Lakers,-2.5,102,2.5,-113,106,111,-1.5,1.5
12/26 9:11:54 am,Pinnacle,Los Angeles Clippers,Los Angeles Lakers,-1.5,-117,1.5,-113,106,111,-1.5,1.5
12/26 9:11:54 am,Pinnacle,Los Angeles Clippers,Los Angeles Lakers,-2.5,102,2.5,-113,106,111,-1.5,1.5
12/26 9:11:53 am,Pinnacle,Los Angeles Clippers,Los Angeles Lakers,-1.5,-117,1.5,-113,106,111,-1.5,1.5
12/26 9:11:53 am,Pinnacle,Los Angeles Clippers,Los Angeles Lakers,-2.5,102,2.5,-113,106,111,-1.5,1.5
12/26 9:11:52 am,Pinnacle,Los Angeles Clippers,Los Angeles Lakers,-1.5,-117,1.5,-113,106,111,-1.5,1.5
12/26 9:11:52 am,Pinnacle,Los Angeles Clippers,Los Angeles Lakers,-2.5,102,2.5,-113,106,111,-1.5,1.5
12/26 9:11:51 am,Pinnacle,Los Angeles Clippers,Los Angeles Lakers,-1.5,-117,1.5,-113,106,111,-1.5,1.5
12/26 9:11:51 am,Pinnacle,Los Angeles Clippers,Los Angeles Lakers,-2.5,102,2.5,-113,106,111,-1.5,1.5
12/26 9:11:50 am,Pinnacle,Los Angeles Clippers,Los Angeles Lakers,-1.5,-117,1.5,-113,106,111,-1.5,1.5
12/26 9:11:50 am,Pinnacle,Los Angeles Clippers,Los Angeles Lakers,-2.5,102,2.5,-113,106,111,-1.5,1.5
12/26 9:11:49 am,Pinnacle,Los Angeles Clippers,Los Angeles Lakers,-1.5,-117,1.5,-113,106,111,-1.5,1.5
12/26 9:11:49 am,Pinnacle,Los Angeles Clippers,Los Angeles Lakers,-2.5,102,2.5,-113,106,111,-1.5,1.5
12/26 9:11:48 am,Pinnacle,Los Angeles Clippers,Los Angeles Lakers,-1.5,-117,1.5,-113,106,111,-1.5,1.5
12/26 9:11:48 am,Pinnacle,Los Angeles Clippers,Los Angeles Lakers,-2.5,102,2.5,-113,106,111,-1.5,1.5
12/26 9:11:47 am,Pinnacle,Los Angeles Clippers,Los Angeles Lakers,-2.5,102,2.5,-113,106,111,-1.5,1.5
12/26 9:11:46 am,Pinnacle,Los Angeles Clippers,Los Angeles Lakers,-1.5,-117,1.5,-113,106,111,-1.5,1.5
12/26 9:11:46 am,Pinnacle,Los Angeles Clippers,Los Angeles Lakers,-2.5,102,2.5,-113,106,111,-1.5,1.5
12/26 9:11:45 am,Pinnacle,Los Angeles Clippers,Los Angeles Lakers,-1.5,-117,1.5,-113,106,111,-1.5,1.5
12/26 9:11:45 am,Pinnacle,Los Angeles Clippers,Los Angeles Lakers,-2.5,102,2.5,-113,106,111,-1.5,1.5
12/26 9:11:44 am,Pinnacle,Los Angeles Clippers,Los Angeles Lakers,-1.5,-117,1.5,-113,106,111,-1.5,1.5
12/26 9:11:44 am,Pinnacle,Los Angeles Clippers,Los Angeles Lakers,-2.5,102,2.5,-113,106,111,-1.5,1.5
12/26 9:11:43 am,Pinnacle,Los Angeles Clippers,Los Angeles Lakers,-1.5,-117,1.5,-113,106,111,-1.5,1.5
12/26 9:11:43 am,Pinnacle,Los Angeles Clippers,Los Angeles Lakers,-2.5,102,2.5,-113,106,111,-1.5,1.5
12/26 9:11:42 am,Pinnacle,Los Angeles Clippers,Los Angeles Lakers,-1.5,-117,1.5,-113,106,111,-1.5,1.5
12/26 9:11:42 am,Pinnacle,Los Angeles Clippers,Los Angeles Lakers,-2.5,102,2.5,-113,106,111,-1.5,1.5
12/26 9:11:41 am,Pinnacle,Los Angeles Clippers,Los Angeles Lakers,-2.5,102,2.5,-113,106,111,-1.5,1.5
12/26 9:11:41 am,Pinnacle,Los Angeles Clippers,Los Angeles Lakers,-1.5,-117,1.5,-113,106,111,-1.5,1.5
12/26 9:11:40 am,Pinnacle,Los Angeles Clippers,Los Angeles Lakers,-1.5,-117,1.5,-113,106,111,-1.5,1.5
12/26 9:11:40 am,Pinnacle,Los Angeles Clippers,Los Angeles Lakers,-2.5,102,2.5,-113,106,111,-1.5,1.5
12/26 9:11:39 am,Pinnacle,Los Angeles Clippers,Los Angeles Lakers,-1.5,-117,1.5,-113,106,111,-1.5,1.5
12/26 9:11:39 am,Pinnacle,Los Angeles Clippers,Los Angeles Lakers,-2.5,102,2.5,-113,106,111,-1.5,1.5
12/26 9:11:38 am,Pinnacle,Los Angeles Clippers,Los Angeles Lakers,-2.5,102,2.5,-113,106,111,-1.5,1.5
12/26 9:11:37 am,Pinnacle,Los Angeles Clippers,Los Angeles Lakers,-1.5,-117,1.5,-113,106,111,-1.5,1.5
12/26 9:11:37 am,Pinnacle,Los Angeles Clippers,Los Angeles Lakers,-2.5,102,2.5,-113,106,111,-1.5,1.5
12/26 9:11:36 am,Pinnacle,Los Angeles Clippers,Los Angeles Lakers,-2.5,102,2.5,-113,106,111,-1.5,1.5
12/26 9:11:36 am,Pinnacle,Los Angeles Clippers,Los Angeles Lakers,-1.5,-117,1.5,-113,106,111,-1.5,1.5
12/26 9:11:35 am,Pinnacle,Los Angeles Clippers,Los Angeles Lakers,-1.5,-117,1.5,-113,106,111,-1.5,1.5
12/26 9:11:35 am,Pinnacle,Los Angeles Clippers,Los Angeles Lakers,-2.5,102,2.5,-113,106,111,-1.5,1.5
12/26 9:11:34 am,Pinnacle,Los Angeles Clippers,Los Angeles Lakers,-1.5,-117,1.5,-113,106,111,-1.5,1.5
12/26 9:11:34 am,Pinnacle,Los Angeles Clippers,Los Angeles Lakers,-2.5,102,2.5,-113,106,111,-1.5,1.5
12/26 9:11:33 am,Pinnacle,Los Angeles Clippers,Los Angeles Lakers,-1.5,-117,1.5,-113,106,111,-1.5,1.5
12/26 9:11:33 am,Pinnacle,Los Angeles Clippers,Los Angeles Lakers,-2.5,102,2.5,-113,106,111,-1.5,1.5
12/26 9:11:32 am,Pinnacle,Los Angeles Clippers,Los Angeles Lakers,-1.5,-117,1.5,-113,106,111,-1.5,1.5
12/26 9:11:32 am,Pinnacle,Los Angeles Clippers,Los Angeles Lakers,-2.5,102,2.5,-113,106,111,-1.5,1.5
12/26 9:11:31 am,Pinnacle,Los Angeles Clippers,Los Angeles Lakers,-1.5,-117,1.5,-113,106,111,-1.5,1.5
12/26 9:11:31 am,Pinnacle,Los Angeles Clippers,Los Angeles Lakers,-2.5,102,2.5,-113,106,111,-1.5,1.5
12/26 9:11:30 am,Pinnacle,Los Angeles Clippers,Los Angeles Lakers,-1.5,-117,1.5,-113,106,111,-1.5,1.5
12/26 9:11:30 am,Pinnacle,Los Angeles Clippers,Los Angeles Lakers,-2.5,102,2.5,-113,106,111,-1.5,1.5
12/26 9:11:29 am,Pinnacle,Los Angeles Clippers,Los Angeles Lakers,-1.5,-117,1.5,-113,106,111,-1.5,1.5
12/26 9:11:29 am,Pinnacle,Los Angeles Clippers,Los Angeles Lakers,-2.5,102,2.5,-113,106,111,-1.5,1.5
12/26 9:11:28 am,Pinnacle,Los Angeles Clippers,Los Angeles Lakers,-1.5,-117,1.5,-113,106,111,-1.5,1.5
12/26 9:11:28 am,Pinnacle,Los Angeles Clippers,Los Angeles Lakers,-2.5,102,2.5,-113,106,111,-1.5,1.5
12/26 9:11:27 am,Pinnacle,Los Angeles Clippers,Los Angeles Lakers,-1.5,-117,1.5,-113,106,111,-1.5,1.5
12/26 9:11:27 am,Pinnacle,Los Angeles Clippers,Los Angeles Lakers,-2.5,102,2.5,-113,106,111,-1.5,1.5
12/26 9:11:26 am,Pinnacle,Los Angeles Clippers,Los Angeles Lakers,-1.5,-117,1.5,-113,106,111,-1.5,1.5
12/26 9:11:26 am,Pinnacle,Los Angeles Clippers,Los Angeles Lakers,-2.5,102,2.5,-113,106,111,-1.5,1.5
12/26 9:11:25 am,Pinnacle,Los Angeles Clippers,Los Angeles Lakers,-2.5,102,2.5,-113,106,111,-1.5,1.5
12/26 9:11:25 am,Pinnacle,Los Angeles Clippers,Los Angeles Lakers,-2.0,-117,2.0,-113,106,111,-1.5,1.5
12/26 9:11:24 am,Pinnacle,Los Angeles Clippers,Los Angeles Lakers,-2.0,-117,2.0,-113,106,111,-1.5,1.5
12/26 9:11:24 am,Pinnacle,Los Angeles Clippers,Los Angeles Lakers,-2.5,102,2.5,-113,106,111,-1.5,1.5
12/26 9:11:23 am,Pinnacle,Los Angeles Clippers,Los Angeles Lakers,-2.0,-117,2.0,-113,106,111,-1.5,1.5
12/26 9:11:23 am,Pinnacle,Los Angeles Clippers,Los Angeles Lakers,-2.5,102,2.5,-113,106,111,-1.5,1.5
12/26 9:11:22 am,Pinnacle,Los Angeles Clippers,Los Angeles Lakers,-2.5,102,2.5,-113,106,111,-1.5,1.5
12/26 9:11:22 am,Pinnacle,Los Angeles Clippers,Los Angeles Lakers,-2.0,-119,2.0,-111,106,111,-1.5,1.5
12/26 9:11:20 am,Pinnacle,Los Angeles Clippers,Los Angeles Lakers,-2.0,-119,2.0,-111,106,111,-1.5,1.5
12/26 9:11:20 am,Pinnacle,Los Angeles Clippers,Los Angeles Lakers,-2.5,102,2.5,-113,106,111,-1.5,1.5
12/26 9:11:19 am,Pinnacle,Los Angeles Clippers,Los Angeles Lakers,-3.0,-115,3.0,-115,106,111,-1.5,1.5
12/26 9:11:19 am,Pinnacle,Los Angeles Clippers,Los Angeles Lakers,-2.5,102,2.5,-113,106,111,-1.5,1.5
12/26 9:11:18 am,Pinnacle,Los Angeles Clippers,Los Angeles Lakers,-2.5,102,2.5,-113,106,111,-1.5,1.5
12/26 9:11:21 am,Pinnacle,Los Angeles Clippers,Los Angeles Lakers,-2.0,-119,2.0,-111,106,111,-1.5,1.5
12/26 9:11:18 am,Pinnacle,Los Angeles Clippers,Los Angeles Lakers,-3.0,-115,3.0,-115,106,111,-1.5,1.5
12/26 9:11:17 am,Pinnacle,Los Angeles Clippers,Los Angeles Lakers,-3.0,-115,3.0,-115,106,111,-1.5,1.5
12/26 9:11:17 am,Pinnacle,Los Angeles Clippers,Los Angeles Lakers,-2.5,102,2.5,-113,106,111,-1.5,1.5
12/26 9:11:16 am,Pinnacle,Los Angeles Clippers,Los Angeles Lakers,-3.0,-115,3.0,-115,106,111,-1.5,1.5
12/26 9:11:21 am,Pinnacle,Los Angeles Clippers,Los Angeles Lakers,-2.5,102,2.5,-113,106,111,-1.5,1.5
12/26 9:11:16 am,Pinnacle,Los Angeles Clippers,Los Angeles Lakers,-2.5,102,2.5,-113,106,111,-1.5,1.5
12/26 9:11:15 am,Pinnacle,Los Angeles Clippers,Los Angeles Lakers,-3.0,-115,3.0,-115,106,111,-1.5,1.5
12/26 9:11:15 am,Pinnacle,Los Angeles Clippers,Los Angeles Lakers,-2.5,102,2.5,-113,106,111,-1.5,1.5
12/26 9:11:14 am,Pinnacle,Los Angeles Clippers,Los Angeles Lakers,-2.5,102,2.5,-113,106,111,-1.5,1.5
12/26 9:11:14 am,Pinnacle,Los Angeles Clippers,Los Angeles Lakers,-3.0,-115,3.0,-115,106,111,-1.5,1.5
12/26 9:11:13 am,Pinnacle,Los Angeles Clippers,Los Angeles Lakers,-3.0,-115,3.0,-115,106,111,-1.5,1.5
12/26 9:11:13 am,Pinnacle,Los Angeles Clippers,Los Angeles Lakers,-2.5,102,2.5,-113,106,111,-1.5,1.5
12/26 9:11:12 am,Pinnacle,Los Angeles Clippers,Los Angeles Lakers,-3.0,-115,3.0,-115,106,111,-1.5,1.5
12/26 9:11:12 am,Pinnacle,Los Angeles Clippers,Los Angeles Lakers,-2.5,102,2.5,-113,106,111,-1.5,1.5
12/26 9:11:11 am,Pinnacle,Los Angeles Clippers,Los Angeles Lakers,-3.0,-115,3.0,-115,106,111,-1.5,1.5
12/26 9:11:11 am,Pinnacle,Los Angeles Clippers,Los Angeles Lakers,-2.5,102,2.5,-113,106,111,-1.5,1.5
12/26 9:11:10 am,Pinnacle,Los Angeles Clippers,Los Angeles Lakers,-3.0,-115,3.0,-115,106,111,-1.5,1.5
12/26 9:11:10 am,Pinnacle,Los Angeles Clippers,Los Angeles Lakers,-2.5,102,2.5,-113,106,111,-1.5,1.5
12/26 9:11:09 am,Pinnacle,Los Angeles Clippers,Los Angeles Lakers,-3.0,-115,3.0,-115,106,111,-1.5,1.5
12/26 9:11:09 am,Pinnacle,Los Angeles Clippers,Los Angeles Lakers,-2.5,102,2.5,-113,106,111,-1.5,1.5
12/26 9:11:08 am,Pinnacle,Los Angeles Clippers,Los Angeles Lakers,-3.0,-115,3.0,-115,106,111,-1.5,1.5
12/26 9:11:08 am,Pinnacle,Los Angeles Clippers,Los Angeles Lakers,-2.5,102,2.5,-113,106,111,-1.5,1.5
12/26 9:11:07 am,Pinnacle,Los Angeles Clippers,Los Angeles Lakers,-3.0,-115,3.0,-115,106,111,-1.5,1.5
12/26 9:11:06 am,Pinnacle,Los Angeles Clippers,Los Angeles Lakers,-3.0,-115,3.0,-115,106,111,-1.5,1.5
12/26 9:11:06 am,Pinnacle,Los Angeles Clippers,Los Angeles Lakers,-2.5,102,2.5,-113,106,111,-1.5,1.5
12/26 9:11:05 am,Pinnacle,Los Angeles Clippers,Los Angeles Lakers,-3.0,-115,3.0,-115,106,111,-1.5,1.5
12/26 9:11:05 am,Pinnacle,Los Angeles Clippers,Los Angeles Lakers,-2.5,102,2.5,-113,106,111,-1.5,1.5
12/26 9:11:04 am,Pinnacle,Los Angeles Clippers,Los Angeles Lakers,-2.5,102,2.5,-113,106,111,-1.5,1.5
12/26 9:11:04 am,Pinnacle,Los Angeles Clippers,Los Angeles Lakers,-3.0,-115,3.0,-115,106,111,-1.5,1.5
12/26 9:11:03 am,Pinnacle,Los Angeles Clippers,Los Angeles Lakers,-3.0,-115,3.0,-115,106,111,-1.5,1.5
12/26 9:11:03 am,Pinnacle,Los Angeles Clippers,Los Angeles Lakers,-2.5,102,2.5,-113,106,111,-1.5,1.5
12/26 9:11:02 am,Pinnacle,Los Angeles Clippers,Los Angeles Lakers,-3.0,-115,3.0,-115,106,111,-1.5,1.5
12/26 9:11:02 am,Pinnacle,Los Angeles Clippers,Los Angeles Lakers,-2.5,102,2.5,-113,106,111,-1.5,1.5
12/26 9:11:07 am,Pinnacle,Los Angeles Clippers,Los Angeles Lakers,-2.5,102,2.5,-113,106,111,-1.5,1.5
12/26 9:11:01 am,Pinnacle,Los Angeles Clippers,Los Angeles Lakers,-3.0,-115,3.0,-115,106,111,-1.5,1.5
12/26 9:11:01 am,Pinnacle,Los Angeles Clippers,Los Angeles Lakers,-2.5,102,2.5,-113,106,111,-1.5,1.5
12/26 9:11:00 am,Pinnacle,Los Angeles Clippers,Los Angeles Lakers,-3.0,-115,3.0,-115,106,111,-1.5,1.5
12/26 9:11:00 am,Pinnacle,Los Angeles Clippers,Los Angeles Lakers,-2.5,102,2.5,-113,106,111,-1.5,1.5
12/26 9:10:59 am,Pinnacle,Los Angeles Clippers,Los Angeles Lakers,-3.0,-115,3.0,-115,106,111,-1.5,1.5
12/26 9:10:59 am,Pinnacle,Los Angeles Clippers,Los Angeles Lakers,-2.5,102,2.5,-113,106,111,-1.5,1.5
12/26 9:10:58 am,Pinnacle,Los Angeles Clippers,Los Angeles Lakers,-2.5,102,2.5,-113,106,111,-1.5,1.5
12/26 9:10:58 am,Pinnacle,Los Angeles Clippers,Los Angeles Lakers,-3.0,-115,3.0,-115,106,111,-1.5,1.5
12/26 9:10:57 am,Pinnacle,Los Angeles Clippers,Los Angeles Lakers,-3.0,-115,3.0,-115,106,111,-1.5,1.5
12/26 9:10:57 am,Pinnacle,Los Angeles Clippers,Los Angeles Lakers,-2.5,102,2.5,-113,106,111,-1.5,1.5
12/26 9:10:56 am,Pinnacle,Los Angeles Clippers,Los Angeles Lakers,-3.0,-115,3.0,-115,106,111,-1.5,1.5
12/26 9:10:56 am,Pinnacle,Los Angeles Clippers,Los Angeles Lakers,-2.5,102,2.5,-113,106,111,-1.5,1.5
12/26 9:10:55 am,Pinnacle,Los Angeles Clippers,Los Angeles Lakers,-2.5,102,2.5,-113,106,111,-1.5,1.5
12/26 9:10:55 am,Pinnacle,Los Angeles Clippers,Los Angeles Lakers,-3.0,-115,3.0,-115,106,111,-1.5,1.5
12/26 9:10:54 am,Pinnacle,Los Angeles Clippers,Los Angeles Lakers,-2.5,102,2.5,-113,106,111,-1.5,1.5
12/26 9:10:54 am,Pinnacle,Los Angeles Clippers,Los Angeles Lakers,-3.0,-115,3.0,-115,106,111,-1.5,1.5
12/26 9:10:53 am,Pinnacle,Los Angeles Clippers,Los Angeles Lakers,-3.0,-115,3.0,-115,106,111,-1.5,1.5
12/26 9:10:53 am,Pinnacle,Los Angeles Clippers,Los Angeles Lakers,-2.5,102,2.5,-113,106,111,-1.5,1.5
12/26 9:10:52 am,Pinnacle,Los Angeles Clippers,Los Angeles Lakers,-3.0,-115,3.0,-115,106,111,-1.5,1.5
12/26 9:10:52 am,Pinnacle,Los Angeles Clippers,Los Angeles Lakers,-2.5,102,2.5,-113,106,111,-1.5,1.5
12/26 9:10:51 am,Pinnacle,Los Angeles Clippers,Los Angeles Lakers,-3.0,-115,3.0,-115,106,111,-1.5,1.5
12/26 9:10:51 am,Pinnacle,Los Angeles Clippers,Los Angeles Lakers,-2.5,102,2.5,-113,106,111,-1.5,1.5
12/26 9:10:50 am,Pinnacle,Los Angeles Clippers,Los Angeles Lakers,-3.0,-115,3.0,-115,106,111,-1.5,1.5
12/26 9:10:50 am,Pinnacle,Los Angeles Clippers,Los Angeles Lakers,-2.5,102,2.5,-113,106,111,-1.5,1.5
12/26 9:10:49 am,Pinnacle,Los Angeles Clippers,Los Angeles Lakers,-3.0,-115,3.0,-115,106,111,-1.5,1.5
12/26 9:10:49 am,Pinnacle,Los Angeles Clippers,Los Angeles Lakers,-2.5,102,2.5,-113,106,111,-1.5,1.5
12/26 9:10:48 am,Pinnacle,Los Angeles Clippers,Los Angeles Lakers,-3.0,-115,3.0,-115,106,111,-1.5,1.5
12/26 9:10:48 am,Pinnacle,Los Angeles Clippers,Los Angeles Lakers,-2.5,102,2.5,-113,106,111,-1.5,1.5
12/26 9:10:47 am,Pinnacle,Los Angeles Clippers,Los Angeles Lakers,-2.5,102,2.5,-113,106,111,-1.5,1.5
12/26 9:10:47 am,Pinnacle,Los Angeles Clippers,Los Angeles Lakers,-3.0,-115,3.0,-115,106,111,-1.5,1.5
12/26 9:10:46 am,Pinnacle,Los Angeles Clippers,Los Angeles Lakers,-3.0,-115,3.0,-115,106,111,-1.5,1.5
12/26 9:10:46 am,Pinnacle,Los Angeles Clippers,Los Angeles Lakers,-2.5,102,2.5,-113,106,111,-1.5,1.5
12/26 9:10:45 am,Pinnacle,Los Angeles Clippers,Los Angeles Lakers,-3.0,-115,3.0,-115,106,111,-1.5,1.5
12/26 9:10:45 am,Pinnacle,Los Angeles Clippers,Los Angeles Lakers,-2.5,102,2.5,-113,106,111,-1.5,1.5
12/26 9:10:44 am,Pinnacle,Los Angeles Clippers,Los Angeles Lakers,-3.0,-115,3.0,-115,106,111,-1.5,1.5
12/26 9:10:44 am,Pinnacle,Los Angeles Clippers,Los Angeles Lakers,-2.5,102,2.5,-113,106,111,-1.5,1.5
12/26 9:10:43 am,Pinnacle,Los Angeles Clippers,Los Angeles Lakers,-3.0,-115,3.0,-115,106,111,-1.5,1.5
12/26 9:10:43 am,Pinnacle,Los Angeles Clippers,Los Angeles Lakers,-2.5,102,2.5,-113,106,111,-1.5,1.5
12/26 9:10:42 am,Pinnacle,Los Angeles Clippers,Los Angeles Lakers,-3.0,-115,3.0,-115,106,111,-1.5,1.5
12/26 9:10:42 am,Pinnacle,Los Angeles Clippers,Los Angeles Lakers,-2.5,102,2.5,-113,106,111,-1.5,1.5
12/26 9:10:41 am,Pinnacle,Los Angeles Clippers,Los Angeles Lakers,-3.0,-115,3.0,-115,106,111,-1.5,1.5
12/26 9:10:41 am,Pinnacle,Los Angeles Clippers,Los Angeles Lakers,-2.5,102,2.5,-113,106,111,-1.5,1.5
12/26 9:10:40 am,Pinnacle,Los Angeles Clippers,Los Angeles Lakers,-3.0,-115,3.0,-115,106,111,-1.5,1.5
12/26 9:10:40 am,Pinnacle,Los Angeles Clippers,Los Angeles Lakers,-2.5,102,2.5,-113,106,111,-1.5,1.5
12/26 9:10:39 am,Pinnacle,Los Angeles Clippers,Los Angeles Lakers,-3.0,-115,3.0,-115,106,111,-1.5,1.5
12/26 9:10:39 am,Pinnacle,Los Angeles Clippers,Los Angeles Lakers,-2.5,102,2.5,-113,106,111,-1.5,1.5
12/26 9:10:38 am,Pinnacle,Los Angeles Clippers,Los Angeles Lakers,-2.5,102,2.5,-113,106,111,-1.5,1.5
12/26 9:10:38 am,Pinnacle,Los Angeles Clippers,Los Angeles Lakers,-3.0,-115,3.0,-115,106,111,-1.5,1.5
12/26 9:10:37 am,Pinnacle,Los Angeles Clippers,Los Angeles Lakers,-3.0,-115,3.0,-115,106,111,-1.5,1.5
12/26 9:10:37 am,Pinnacle,Los Angeles Clippers,Los Angeles Lakers,-2.5,102,2.5,-113,106,111,-1.5,1.5
12/26 9:10:36 am,Pinnacle,Los Angeles Clippers,Los Angeles Lakers,-3.0,-115,3.0,-115,106,111,-1.5,1.5
12/26 9:10:36 am,Pinnacle,Los Angeles Clippers,Los Angeles Lakers,-2.5,102,2.5,-113,106,111,-1.5,1.5
12/26 9:10:35 am,Pinnacle,Los Angeles Clippers,Los Angeles Lakers,-2.5,102,2.5,-113,106,111,-1.5,1.5
12/26 9:10:35 am,Pinnacle,Los Angeles Clippers,Los Angeles Lakers,-3.0,-115,3.0,-115,106,111,-1.5,1.5
12/26 9:10:34 am,Pinnacle,Los Angeles Clippers,Los Angeles Lakers,-3.0,-115,3.0,-115,106,111,-1.5,1.5
12/26 9:10:34 am,Pinnacle,Los Angeles Clippers,Los Angeles Lakers,-2.5,102,2.5,-113,106,111,-1.5,1.5
12/26 9:10:33 am,Pinnacle,Los Angeles Clippers,Los Angeles Lakers,-3.0,-115,3.0,-115,106,111,-1.5,1.5
12/26 9:10:33 am,Pinnacle,Los Angeles Clippers,Los Angeles Lakers,-2.5,102,2.5,-113,106,111,-1.5,1.5
12/26 9:10:32 am,Pinnacle,Los Angeles Clippers,Los Angeles Lakers,-3.0,-115,3.0,-115,106,111,-1.5,1.5
12/26 9:10:32 am,Pinnacle,Los Angeles Clippers,Los Angeles Lakers,-2.5,102,2.5,-113,106,111,-1.5,1.5
12/26 9:10:31 am,Pinnacle,Los Angeles Clippers,Los Angeles Lakers,-3.0,-115,3.0,-115,106,111,-1.5,1.5
12/26 9:10:31 am,Pinnacle,Los Angeles Clippers,Los Angeles Lakers,-2.5,102,2.5,-113,106,111,-1.5,1.5
12/26 9:10:30 am,Pinnacle,Los Angeles Clippers,Los Angeles Lakers,-3.0,-115,3.0,-115,106,111,-1.5,1.5
12/26 9:10:30 am,Pinnacle,Los Angeles Clippers,Los Angeles Lakers,-2.5,102,2.5,-113,106,111,-1.5,1.5
12/26 9:10:29 am,Pinnacle,Los Angeles Clippers,Los Angeles Lakers,-3.0,-115,3.0,-115,106,111,-1.5,1.5
12/26 9:10:29 am,Pinnacle,Los Angeles Clippers,Los Angeles Lakers,-2.5,102,2.5,-113,106,111,-1.5,1.5
12/26 9:10:28 am,Pinnacle,Los Angeles Clippers,Los Angeles Lakers,-3.0,-115,3.0,-115,106,111,-1.5,1.5
12/26 9:10:28 am,Pinnacle,Los Angeles Clippers,Los Angeles Lakers,-2.5,102,2.5,-113,106,111,-1.5,1.5
12/26 9:10:27 am,Pinnacle,Los Angeles Clippers,Los Angeles Lakers,-3.0,-115,3.0,-115,106,111,-1.5,1.5
12/26 9:10:27 am,Pinnacle,Los Angeles Clippers,Los Angeles Lakers,-2.5,102,2.5,-113,106,111,-1.5,1.5
12/26 9:10:26 am,Pinnacle,Los Angeles Clippers,Los Angeles Lakers,-3.0,-115,3.0,-115,106,111,-1.5,1.5
12/26 9:10:26 am,Pinnacle,Los Angeles Clippers,Los Angeles Lakers,-2.5,102,2.5,-113,106,111,-1.5,1.5
12/26 9:10:25 am,Pinnacle,Los Angeles Clippers,Los Angeles Lakers,-3.0,-115,3.0,-115,106,111,-1.5,1.5
12/26 9:10:25 am,Pinnacle,Los Angeles Clippers,Los Angeles Lakers,-2.5,102,2.5,-113,106,111,-1.5,1.5
12/26 9:10:24 am,Pinnacle,Los Angeles Clippers,Los Angeles Lakers,-3.0,-115,3.0,-115,106,111,-1.5,1.5
12/26 9:10:24 am,Pinnacle,Los Angeles Clippers,Los Angeles Lakers,-2.5,102,2.5,-113,106,111,-1.5,1.5
12/26 9:10:23 am,Pinnacle,Los Angeles Clippers,Los Angeles Lakers,-2.5,102,2.5,-113,106,111,-1.5,1.5
12/26 9:10:22 am,Pinnacle,Los Angeles Clippers,Los Angeles Lakers,-3.0,-115,3.0,-115,106,111,-1.5,1.5
12/26 9:10:22 am,Pinnacle,Los Angeles Clippers,Los Angeles Lakers,-2.5,102,2.5,-113,106,111,-1.5,1.5
12/26 9:10:21 am,Pinnacle,Los Angeles Clippers,Los Angeles Lakers,-3.0,-115,3.0,-115,106,111,-1.5,1.5
12/26 9:10:21 am,Pinnacle,Los Angeles Clippers,Los Angeles Lakers,-2.5,102,2.5,-113,106,111,-1.5,1.5
12/26 9:10:20 am,Pinnacle,Los Angeles Clippers,Los Angeles Lakers,-2.5,102,2.5,-113,106,111,-1.5,1.5
12/26 9:10:20 am,Pinnacle,Los Angeles Clippers,Los Angeles Lakers,-3.0,-115,3.0,-115,106,111,-1.5,1.5
12/26 9:10:19 am,Pinnacle,Los Angeles Clippers,Los Angeles Lakers,-3.0,-115,3.0,-115,106,111,-1.5,1.5
12/26 9:10:19 am,Pinnacle,Los Angeles Clippers,Los Angeles Lakers,-2.5,102,2.5,-113,106,111,-1.5,1.5
12/26 9:10:18 am,Pinnacle,Los Angeles Clippers,Los Angeles Lakers,-3.0,-115,3.0,-115,106,111,-1.5,1.5
12/26 9:10:23 am,Pinnacle,Los Angeles Clippers,Los Angeles Lakers,-3.0,-115,3.0,-115,106,111,-1.5,1.5
12/26 9:10:18 am,Pinnacle,Los Angeles Clippers,Los Angeles Lakers,-2.5,102,2.5,-113,106,111,-1.5,1.5
12/26 9:10:17 am,Pinnacle,Los Angeles Clippers,Los Angeles Lakers,-3.0,-115,3.0,-115,106,111,-1.5,1.5
12/26 9:10:17 am,Pinnacle,Los Angeles Clippers,Los Angeles Lakers,-2.5,102,2.5,-113,106,111,-1.5,1.5
12/26 9:10:16 am,Pinnacle,Los Angeles Clippers,Los Angeles Lakers,-3.0,-115,3.0,-115,106,111,-1.5,1.5
12/26 9:10:16 am,Pinnacle,Los Angeles Clippers,Los Angeles Lakers,-2.5,102,2.5,-113,106,111,-1.5,1.5
12/26 9:10:15 am,Pinnacle,Los Angeles Clippers,Los Angeles Lakers,-3.0,-115,3.0,-115,106,111,-1.5,1.5
12/26 9:10:15 am,Pinnacle,Los Angeles Clippers,Los Angeles Lakers,-2.5,102,2.5,-113,106,111,-1.5,1.5
12/26 9:10:14 am,Pinnacle,Los Angeles Clippers,Los Angeles Lakers,-3.0,-115,3.0,-115,106,111,-1.5,1.5
12/26 9:10:14 am,Pinnacle,Los Angeles Clippers,Los Angeles Lakers,-2.5,102,2.5,-113,106,111,-1.5,1.5
12/26 9:10:13 am,Pinnacle,Los Angeles Clippers,Los Angeles Lakers,-3.0,-115,3.0,-115,106,111,-1.5,1.5
12/26 9:10:13 am,Pinnacle,Los Angeles Clippers,Los Angeles Lakers,-2.5,102,2.5,-113,106,111,-1.5,1.5
12/26 9:10:12 am,Pinnacle,Los Angeles Clippers,Los Angeles Lakers,-3.0,-115,3.0,-115,106,111,-1.5,1.5
12/26 9:10:12 am,Pinnacle,Los Angeles Clippers,Los Angeles Lakers,-2.5,102,2.5,-113,106,111,-1.5,1.5
12/26 9:10:11 am,Pinnacle,Los Angeles Clippers,Los Angeles Lakers,-3.0,-115,3.0,-115,106,111,-1.5,1.5
12/26 9:10:11 am,Pinnacle,Los Angeles Clippers,Los Angeles Lakers,-2.5,102,2.5,-113,106,111,-1.5,1.5
12/26 9:10:10 am,Pinnacle,Los Angeles Clippers,Los Angeles Lakers,-3.0,-115,3.0,-115,106,111,-1.5,1.5
12/26 9:10:10 am,Pinnacle,Los Angeles Clippers,Los Angeles Lakers,-2.5,102,2.5,-113,106,111,-1.5,1.5
12/26 9:10:09 am,Pinnacle,Los Angeles Clippers,Los Angeles Lakers,-2.5,102,2.5,-113,106,111,-1.5,1.5
12/26 9:10:09 am,Pinnacle,Los Angeles Clippers,Los Angeles Lakers,-3.0,-115,3.0,-115,106,111,-1.5,1.5
12/26 9:10:08 am,Pinnacle,Los Angeles Clippers,Los Angeles Lakers,-3.0,-115,3.0,-115,106,111,-1.5,1.5
12/26 9:10:08 am,Pinnacle,Los Angeles Clippers,Los Angeles Lakers,-2.5,102,2.5,-113,106,111,-1.5,1.5
12/26 9:10:07 am,Pinnacle,Los Angeles Clippers,Los Angeles Lakers,-2.0,-118,2.0,-113,106,111,-1.5,1.5
12/26 9:10:07 am,Pinnacle,Los Angeles Clippers,Los Angeles Lakers,-2.5,102,2.5,-113,106,111,-1.5,1.5
12/26 9:10:06 am,Pinnacle,Los Angeles Clippers,Los Angeles Lakers,-2.0,-118,2.0,-113,106,111,-1.5,1.5
12/26 9:10:06 am,Pinnacle,Los Angeles Clippers,Los Angeles Lakers,-2.5,102,2.5,-113,106,111,-1.5,1.5
12/26 9:10:05 am,Pinnacle,Los Angeles Clippers,Los Angeles Lakers,-2.0,-118,2.0,-113,106,111,-1.5,1.5
12/26 9:10:05 am,Pinnacle,Los Angeles Clippers,Los Angeles Lakers,-2.5,102,2.5,-113,106,111,-1.5,1.5
12/26 9:10:04 am,Pinnacle,Los Angeles Clippers,Los Angeles Lakers,-2.0,-118,2.0,-113,106,111,-1.5,1.5
12/26 9:10:03 am,Pinnacle,Los Angeles Clippers,Los Angeles Lakers,-2.5,102,2.5,-113,106,111,-1.5,1.5
12/26 9:10:02 am,Pinnacle,Los Angeles Clippers,Los Angeles Lakers,-2.0,-118,2.0,-113,106,111,-1.5,1.5
12/26 9:10:02 am,Pinnacle,Los Angeles Clippers,Los Angeles Lakers,-2.5,102,2.5,-113,106,111,-1.5,1.5
12/26 9:10:01 am,Pinnacle,Los Angeles Clippers,Los Angeles Lakers,-2.5,102,2.5,-113,106,111,-1.5,1.5
12/26 9:10:01 am,Pinnacle,Los Angeles Clippers,Los Angeles Lakers,-2.0,-118,2.0,-113,106,111,-1.5,1.5
12/26 9:10:04 am,Pinnacle,Los Angeles Clippers,Los Angeles Lakers,-2.5,102,2.5,-113,106,111,-1.5,1.5
12/26 9:09:59 am,Pinnacle,Los Angeles Clippers,Los Angeles Lakers,-2.0,-118,2.0,-113,106,111,-1.5,1.5
12/26 9:09:59 am,Pinnacle,Los Angeles Clippers,Los Angeles Lakers,-2.5,102,2.5,-113,106,111,-1.5,1.5
12/26 9:09:58 am,Pinnacle,Los Angeles Clippers,Los Angeles Lakers,-2.0,-119,2.0,-111,106,111,-1.5,1.5
12/26 9:10:03 am,Pinnacle,Los Angeles Clippers,Los Angeles Lakers,-2.0,-118,2.0,-113,106,111,-1.5,1.5
12/26 9:09:58 am,Pinnacle,Los Angeles Clippers,Los Angeles Lakers,-2.5,102,2.5,-113,106,111,-1.5,1.5
12/26 9:09:57 am,Pinnacle,Los Angeles Clippers,Los Angeles Lakers,-2.0,-119,2.0,-111,106,111,-1.5,1.5
12/26 9:09:57 am,Pinnacle,Los Angeles Clippers,Los Angeles Lakers,-2.5,102,2.5,-113,106,111,-1.5,1.5
12/26 9:09:56 am,Pinnacle,Los Angeles Clippers,Los Angeles Lakers,-2.0,-119,2.0,-111,106,111,-1.5,1.5
12/26 9:09:56 am,Pinnacle,Los Angeles Clippers,Los Angeles Lakers,-2.5,102,2.5,-113,106,111,-1.5,1.5
12/26 9:09:55 am,Pinnacle,Los Angeles Clippers,Los Angeles Lakers,-1.5,-119,1.5,-111,106,111,-1.5,1.5
12/26 9:09:55 am,Pinnacle,Los Angeles Clippers,Los Angeles Lakers,-2.5,102,2.5,-113,106,111,-1.5,1.5
12/26 9:09:54 am,Pinnacle,Los Angeles Clippers,Los Angeles Lakers,-2.5,102,2.5,-113,106,111,-1.5,1.5
12/26 9:09:54 am,Pinnacle,Los Angeles Clippers,Los Angeles Lakers,-1.5,-119,1.5,-111,106,111,-1.5,1.5
12/26 9:09:53 am,Pinnacle,Los Angeles Clippers,Los Angeles Lakers,-1.5,-119,1.5,-111,106,111,-1.5,1.5
12/26 9:09:53 am,Pinnacle,Los Angeles Clippers,Los Angeles Lakers,-2.5,102,2.5,-113,106,111,-1.5,1.5
12/26 9:09:52 am,Pinnacle,Los Angeles Clippers,Los Angeles Lakers,-1.5,-119,1.5,-111,106,111,-1.5,1.5
12/26 9:09:52 am,Pinnacle,Los Angeles Clippers,Los Angeles Lakers,-2.5,102,2.5,-113,106,111,-1.5,1.5
12/26 9:09:51 am,Pinnacle,Los Angeles Clippers,Los Angeles Lakers,-1.5,-119,1.5,-111,106,111,-1.5,1.5
12/26 9:09:51 am,Pinnacle,Los Angeles Clippers,Los Angeles Lakers,-2.5,102,2.5,-113,106,111,-1.5,1.5
12/26 9:09:50 am,Pinnacle,Los Angeles Clippers,Los Angeles Lakers,-2.5,102,2.5,-113,106,111,-1.5,1.5
12/26 9:09:50 am,Pinnacle,Los Angeles Clippers,Los Angeles Lakers,-1.5,-119,1.5,-111,106,111,-1.5,1.5
12/26 9:09:49 am,Pinnacle,Los Angeles Clippers,Los Angeles Lakers,-1.5,-118,1.5,-112,106,111,-1.5,1.5
12/26 9:09:49 am,Pinnacle,Los Angeles Clippers,Los Angeles Lakers,-2.5,102,2.5,-113,106,111,-1.5,1.5
12/26 9:09:48 am,Pinnacle,Los Angeles Clippers,Los Angeles Lakers,-1.5,-118,1.5,-112,106,111,-1.5,1.5
12/26 9:09:48 am,Pinnacle,Los Angeles Clippers,Los Angeles Lakers,-2.5,102,2.5,-113,106,111,-1.5,1.5
12/26 9:09:47 am,Pinnacle,Los Angeles Clippers,Los Angeles Lakers,-2.5,102,2.5,-113,106,111,-1.5,1.5
12/26 9:09:47 am,Pinnacle,Los Angeles Clippers,Los Angeles Lakers,-1.5,-118,1.5,-112,106,111,-1.5,1.5
12/26 9:09:46 am,Pinnacle,Los Angeles Clippers,Los Angeles Lakers,-1.5,-118,1.5,-112,106,111,-1.5,1.5
12/26 9:09:46 am,Pinnacle,Los Angeles Clippers,Los Angeles Lakers,-2.5,102,2.5,-113,106,111,-1.5,1.5
12/26 9:09:45 am,Pinnacle,Los Angeles Clippers,Los Angeles Lakers,-1.5,-118,1.5,-112,106,111,-1.5,1.5
12/26 9:09:45 am,Pinnacle,Los Angeles Clippers,Los Angeles Lakers,-2.5,102,2.5,-113,106,111,-1.5,1.5
12/26 9:09:44 am,Pinnacle,Los Angeles Clippers,Los Angeles Lakers,-1.5,-118,1.5,-112,106,111,-1.5,1.5
12/26 9:09:44 am,Pinnacle,Los Angeles Clippers,Los Angeles Lakers,-2.5,102,2.5,-113,106,111,-1.5,1.5
12/26 9:09:43 am,Pinnacle,Los Angeles Clippers,Los Angeles Lakers,-2.0,-120,2.0,-110,106,111,-1.5,1.5
12/26 9:09:43 am,Pinnacle,Los Angeles Clippers,Los Angeles Lakers,-2.5,102,2.5,-113,106,111,-1.5,1.5
12/26 9:09:42 am,Pinnacle,Los Angeles Clippers,Los Angeles Lakers,-2.0,-120,2.0,-110,106,111,-1.5,1.5
12/26 9:09:42 am,Pinnacle,Los Angeles Clippers,Los Angeles Lakers,-2.5,102,2.5,-113,106,111,-1.5,1.5
12/26 9:09:41 am,Pinnacle,Los Angeles Clippers,Los Angeles Lakers,-2.0,-120,2.0,-110,106,111,-1.5,1.5
12/26 9:09:41 am,Pinnacle,Los Angeles Clippers,Los Angeles Lakers,-2.5,102,2.5,-113,106,111,-1.5,1.5
12/26 9:09:40 am,Pinnacle,Los Angeles Clippers,Los Angeles Lakers,-1.0,-120,1.0,-110,106,111,-1.5,1.5
12/26 9:09:40 am,Pinnacle,Los Angeles Clippers,Los Angeles Lakers,-2.5,102,2.5,-113,106,111,-1.5,1.5
12/26 9:09:39 am,Pinnacle,Los Angeles Clippers,Los Angeles Lakers,-1.0,-120,1.0,-110,106,111,-1.5,1.5
12/26 9:09:39 am,Pinnacle,Los Angeles Clippers,Los Angeles Lakers,-2.5,102,2.5,-113,106,111,-1.5,1.5
12/26 9:09:38 am,Pinnacle,Los Angeles Clippers,Los Angeles Lakers,-1.0,-120,1.0,-110,106,111,-1.5,1.5
12/26 9:09:38 am,Pinnacle,Los Angeles Clippers,Los Angeles Lakers,-2.5,102,2.5,-113,106,111,-1.5,1.5
12/26 9:09:37 am,Pinnacle,Los Angeles Clippers,Los Angeles Lakers,-1.0,-120,1.0,-110,106,111,-1.5,1.5
12/26 9:09:37 am,Pinnacle,Los Angeles Clippers,Los Angeles Lakers,-2.5,102,2.5,-113,106,111,-1.5,1.5
12/26 9:09:36 am,Pinnacle,Los Angeles Clippers,Los Angeles Lakers,-1.0,-120,1.0,-110,106,111,-1.5,1.5
12/26 9:09:35 am,Pinnacle,Los Angeles Clippers,Los Angeles Lakers,-2.5,102,2.5,-113,106,111,-1.5,1.5
12/26 9:09:34 am,Pinnacle,Los Angeles Clippers,Los Angeles Lakers,-1.0,-120,1.0,-110,106,111,-1.5,1.5
12/26 9:09:34 am,Pinnacle,Los Angeles Clippers,Los Angeles Lakers,-2.5,102,2.5,-113,106,111,-1.5,1.5
12/26 9:09:33 am,Pinnacle,Los Angeles Clippers,Los Angeles Lakers,-1.0,-120,1.0,-110,106,111,-1.5,1.5
12/26 9:09:33 am,Pinnacle,Los Angeles Clippers,Los Angeles Lakers,-2.5,102,2.5,-113,106,111,-1.5,1.5
12/26 9:09:32 am,Pinnacle,Los Angeles Clippers,Los Angeles Lakers,-1.0,-120,1.0,-110,106,111,-1.5,1.5
12/26 9:09:32 am,Pinnacle,Los Angeles Clippers,Los Angeles Lakers,-2.5,102,2.5,-113,106,111,-1.5,1.5
12/26 9:09:31 am,Pinnacle,Los Angeles Clippers,Los Angeles Lakers,-1.0,-120,1.0,-110,106,111,-1.5,1.5
12/26 9:09:31 am,Pinnacle,Los Angeles Clippers,Los Angeles Lakers,-2.5,102,2.5,-113,106,111,-1.5,1.5
12/26 9:09:30 am,Pinnacle,Los Angeles Clippers,Los Angeles Lakers,-1.0,-120,1.0,-110,106,111,-1.5,1.5
12/26 9:09:30 am,Pinnacle,Los Angeles Clippers,Los Angeles Lakers,-2.5,102,2.5,-113,106,111,-1.5,1.5
12/26 9:09:29 am,Pinnacle,Los Angeles Clippers,Los Angeles Lakers,-1.0,-120,1.0,-110,106,111,-1.5,1.5
12/26 9:09:29 am,Pinnacle,Los Angeles Clippers,Los Angeles Lakers,-2.5,102,2.5,-113,106,111,-1.5,1.5
12/26 9:09:28 am,Pinnacle,Los Angeles Clippers,Los Angeles Lakers,-1.0,-120,1.0,-110,106,111,-1.5,1.5
12/26 9:09:28 am,Pinnacle,Los Angeles Clippers,Los Angeles Lakers,-2.5,102,2.5,-113,106,111,-1.5,1.5
12/26 9:09:27 am,Pinnacle,Los Angeles Clippers,Los Angeles Lakers,-1.0,-120,1.0,-110,106,111,-1.5,1.5
12/26 9:09:27 am,Pinnacle,Los Angeles Clippers,Los Angeles Lakers,-2.5,102,2.5,-113,106,111,-1.5,1.5
12/26 9:09:26 am,Pinnacle,Los Angeles Clippers,Los Angeles Lakers,-1.0,-120,1.0,-110,106,111,-1.5,1.5
12/26 9:09:26 am,Pinnacle,Los Angeles Clippers,Los Angeles Lakers,-2.5,102,2.5,-113,106,111,-1.5,1.5
12/26 9:09:25 am,Pinnacle,Los Angeles Clippers,Los Angeles Lakers,-1.5,-117,1.5,-113,106,111,-1.5,1.5
12/26 9:09:25 am,Pinnacle,Los Angeles Clippers,Los Angeles Lakers,-2.5,102,2.5,-113,106,111,-1.5,1.5
12/26 9:09:24 am,Pinnacle,Los Angeles Clippers,Los Angeles Lakers,-1.5,-117,1.5,-113,106,111,-1.5,1.5
12/26 9:09:24 am,Pinnacle,Los Angeles Clippers,Los Angeles Lakers,-2.5,102,2.5,-113,106,111,-1.5,1.5
12/26 9:09:21 am,Pinnacle,Los Angeles Clippers,Los Angeles Lakers,-1.5,-117,1.5,-113,106,111,-1.5,1.5
12/26 9:09:23 am,Pinnacle,Los Angeles Clippers,Los Angeles Lakers,-1.5,-117,1.5,-113,106,111,-1.5,1.5
12/26 9:09:22 am,Pinnacle,Los Angeles Clippers,Los Angeles Lakers,-2.5,102,2.5,-113,106,111,-1.5,1.5
12/26 9:09:22 am,Pinnacle,Los Angeles Clippers,Los Angeles Lakers,-1.5,-117,1.5,-113,106,111,-1.5,1.5
